1.000000e-05	1.2171e-03	1.2171e-03	1.2171e-03	1.2171e-03	1.2171e-03	1.2171e-03	1.2171e-03	1.2171e-03	1.2171e-03	1.2171e-03	1.2172e-03	1.2172e-03	1.2172e-03	1.2172e-03	1.2173e-03	1.2173e-03	1.2174e-03	1.2174e-03
1.071519e-05	1.2171e-03	1.2171e-03	1.2171e-03	1.2171e-03	1.2171e-03	1.2171e-03	1.2171e-03	1.2171e-03	1.2171e-03	1.2172e-03	1.2172e-03	1.2172e-03	1.2172e-03	1.2173e-03	1.2173e-03	1.2173e-03	1.2174e-03	1.2174e-03
1.148154e-05	1.2171e-03	1.2171e-03	1.2171e-03	1.2171e-03	1.2171e-03	1.2171e-03	1.2171e-03	1.2171e-03	1.2171e-03	1.2172e-03	1.2172e-03	1.2172e-03	1.2173e-03	1.2173e-03	1.2173e-03	1.2174e-03	1.2174e-03	1.2175e-03
1.230269e-05	1.2171e-03	1.2171e-03	1.2171e-03	1.2171e-03	1.2171e-03	1.2171e-03	1.2171e-03	1.2171e-03	1.2172e-03	1.2172e-03	1.2172e-03	1.2172e-03	1.2173e-03	1.2173e-03	1.2174e-03	1.2174e-03	1.2174e-03	1.2175e-03
1.318257e-05	1.2171e-03	1.2171e-03	1.2171e-03	1.2171e-03	1.2171e-03	1.2171e-03	1.2171e-03	1.2172e-03	1.2172e-03	1.2172e-03	1.2172e-03	1.2173e-03	1.2173e-03	1.2173e-03	1.2174e-03	1.2174e-03	1.2175e-03	1.2175e-03
1.412538e-05	1.2171e-03	1.2171e-03	1.2171e-03	1.2171e-03	1.2171e-03	1.2171e-03	1.2171e-03	1.2172e-03	1.2172e-03	1.2172e-03	1.2172e-03	1.2173e-03	1.2173e-03	1.2174e-03	1.2174e-03	1.2175e-03	1.2175e-03	1.2176e-03
1.513561e-05	1.2171e-03	1.2171e-03	1.2171e-03	1.2171e-03	1.2171e-03	1.2171e-03	1.2172e-03	1.2172e-03	1.2172e-03	1.2172e-03	1.2173e-03	1.2173e-03	1.2173e-03	1.2174e-03	1.2174e-03	1.2175e-03	1.2175e-03	1.2176e-03
1.621810e-05	1.2171e-03	1.2171e-03	1.2171e-03	1.2171e-03	1.2171e-03	1.2171e-03	1.2172e-03	1.2172e-03	1.2172e-03	1.2172e-03	1.2173e-03	1.2173e-03	1.2174e-03	1.2174e-03	1.2175e-03	1.2175e-03	1.2176e-03	1.2177e-03
1.737801e-05	1.2171e-03	1.2171e-03	1.2171e-03	1.2171e-03	1.2171e-03	1.2172e-03	1.2172e-03	1.2172e-03	1.2172e-03	1.2172e-03	1.2173e-03	1.2173e-03	1.2174e-03	1.2174e-03	1.2175e-03	1.2176e-03	1.2176e-03	1.2177e-03
1.862087e-05	1.2171e-03	1.2171e-03	1.2171e-03	1.2171e-03	1.2171e-03	1.2172e-03	1.2172e-03	1.2172e-03	1.2172e-03	1.2173e-03	1.2173e-03	1.2174e-03	1.2174e-03	1.2175e-03	1.2175e-03	1.2176e-03	1.2177e-03	1.2178e-03
1.995262e-05	1.2171e-03	1.2171e-03	1.2171e-03	1.2171e-03	1.2172e-03	1.2172e-03	1.2172e-03	1.2172e-03	1.2173e-03	1.2173e-03	1.2173e-03	1.2174e-03	1.2174e-03	1.2175e-03	1.2176e-03	1.2176e-03	1.2177e-03	1.2178e-03
2.137962e-05	1.2171e-03	1.2171e-03	1.2171e-03	1.2172e-03	1.2172e-03	1.2172e-03	1.2172e-03	1.2172e-03	1.2173e-03	1.2173e-03	1.2174e-03	1.2174e-03	1.2175e-03	1.2175e-03	1.2176e-03	1.2177e-03	1.2178e-03	1.2179e-03
2.290868e-05	1.2171e-03	1.2172e-03	1.2172e-03	1.2172e-03	1.2172e-03	1.2172e-03	1.2172e-03	1.2173e-03	1.2173e-03	1.2173e-03	1.2174e-03	1.2174e-03	1.2175e-03	1.2176e-03	1.2177e-03	1.2177e-03	1.2178e-03	1.2180e-03
2.454709e-05	1.2172e-03	1.2172e-03	1.2172e-03	1.2172e-03	1.2172e-03	1.2172e-03	1.2172e-03	1.2173e-03	1.2173e-03	1.2173e-03	1.2174e-03	1.2175e-03	1.2175e-03	1.2176e-03	1.2177e-03	1.2178e-03	1.2179e-03	1.2180e-03
2.630268e-05	1.2172e-03	1.2172e-03	1.2172e-03	1.2172e-03	1.2172e-03	1.2172e-03	1.2173e-03	1.2173e-03	1.2173e-03	1.2174e-03	1.2174e-03	1.2175e-03	1.2176e-03	1.2177e-03	1.2178e-03	1.2179e-03	1.2179e-03	1.2181e-03
2.818383e-05	1.2172e-03	1.2172e-03	1.2172e-03	1.2172e-03	1.2172e-03	1.2173e-03	1.2173e-03	1.2173e-03	1.2174e-03	1.2174e-03	1.2175e-03	1.2175e-03	1.2176e-03	1.2177e-03	1.2178e-03	1.2179e-03	1.2180e-03	1.2182e-03
3.019952e-05	1.2172e-03	1.2172e-03	1.2172e-03	1.2172e-03	1.2172e-03	1.2173e-03	1.2173e-03	1.2173e-03	1.2174e-03	1.2174e-03	1.2175e-03	1.2176e-03	1.2177e-03	1.2178e-03	1.2179e-03	1.2180e-03	1.2181e-03	1.2183e-03
3.235937e-05	1.2172e-03	1.2172e-03	1.2172e-03	1.2172e-03	1.2172e-03	1.2173e-03	1.2173e-03	1.2174e-03	1.2174e-03	1.2175e-03	1.2175e-03	1.2176e-03	1.2177e-03	1.2178e-03	1.2180e-03	1.2181e-03	1.2182e-03	1.2183e-03
3.467369e-05	1.2172e-03	1.2172e-03	1.2172e-03	1.2172e-03	1.2173e-03	1.2173e-03	1.2174e-03	1.2174e-03	1.2174e-03	1.2175e-03	1.2176e-03	1.2177e-03	1.2178e-03	1.2179e-03	1.2180e-03	1.2181e-03	1.2182e-03	1.2184e-03
3.715352e-05	1.2172e-03	1.2172e-03	1.2173e-03	1.2173e-03	1.2173e-03	1.2173e-03	1.2174e-03	1.2174e-03	1.2175e-03	1.2175e-03	1.2176e-03	1.2177e-03	1.2178e-03	1.2179e-03	1.2181e-03	1.2182e-03	1.2183e-03	1.2185e-03
3.981072e-05	1.2173e-03	1.2173e-03	1.2173e-03	1.2173e-03	1.2173e-03	1.2174e-03	1.2174e-03	1.2175e-03	1.2175e-03	1.2176e-03	1.2177e-03	1.2178e-03	1.2179e-03	1.2180e-03	1.2182e-03	1.2183e-03	1.2184e-03	1.2187e-03
4.265795e-05	1.2173e-03	1.2173e-03	1.2173e-03	1.2173e-03	1.2173e-03	1.2174e-03	1.2174e-03	1.2175e-03	1.2175e-03	1.2176e-03	1.2177e-03	1.2178e-03	1.2179e-03	1.2181e-03	1.2183e-03	1.2184e-03	1.2185e-03	1.2188e-03
4.570882e-05	1.2173e-03	1.2173e-03	1.2173e-03	1.2173e-03	1.2174e-03	1.2174e-03	1.2175e-03	1.2175e-03	1.2176e-03	1.2176e-03	1.2178e-03	1.2179e-03	1.2180e-03	1.2181e-03	1.2183e-03	1.2185e-03	1.2186e-03	1.2189e-03
4.897788e-05	1.2173e-03	1.2173e-03	1.2173e-03	1.2173e-03	1.2174e-03	1.2174e-03	1.2175e-03	1.2176e-03	1.2176e-03	1.2177e-03	1.2178e-03	1.2179e-03	1.2181e-03	1.2182e-03	1.2184e-03	1.2186e-03	1.2187e-03	1.2190e-03
5.248075e-05	1.2173e-03	1.2173e-03	1.2174e-03	1.2174e-03	1.2174e-03	1.2175e-03	1.2175e-03	1.2176e-03	1.2177e-03	1.2177e-03	1.2179e-03	1.2180e-03	1.2182e-03	1.2183e-03	1.2185e-03	1.2187e-03	1.2189e-03	1.2192e-03
5.623413e-05	1.2174e-03	1.2174e-03	1.2174e-03	1.2174e-03	1.2174e-03	1.2175e-03	1.2176e-03	1.2176e-03	1.2177e-03	1.2178e-03	1.2179e-03	1.2181e-03	1.2183e-03	1.2184e-03	1.2187e-03	1.2188e-03	1.2190e-03	1.2193e-03
6.025596e-05	1.2174e-03	1.2174e-03	1.2174e-03	1.2174e-03	1.2175e-03	1.2175e-03	1.2176e-03	1.2177e-03	1.2178e-03	1.2178e-03	1.2180e-03	1.2182e-03	1.2183e-03	1.2185e-03	1.2188e-03	1.2190e-03	1.2191e-03	1.2195e-03
6.456542e-05	1.2174e-03	1.2174e-03	1.2174e-03	1.2175e-03	1.2175e-03	1.2176e-03	1.2177e-03	1.2177e-03	1.2178e-03	1.2179e-03	1.2181e-03	1.2182e-03	1.2184e-03	1.2186e-03	1.2189e-03	1.2191e-03	1.2193e-03	1.2197e-03
6.918310e-05	1.2175e-03	1.2175e-03	1.2175e-03	1.2175e-03	1.2175e-03	1.2176e-03	1.2177e-03	1.2178e-03	1.2179e-03	1.2180e-03	1.2182e-03	1.2183e-03	1.2185e-03	1.2187e-03	1.2190e-03	1.2193e-03	1.2195e-03	1.2199e-03
7.413102e-05	1.2175e-03	1.2175e-03	1.2175e-03	1.2175e-03	1.2176e-03	1.2177e-03	1.2178e-03	1.2178e-03	1.2179e-03	1.2180e-03	1.2182e-03	1.2184e-03	1.2186e-03	1.2189e-03	1.2192e-03	1.2194e-03	1.2196e-03	1.2201e-03
7.943282e-05	1.2175e-03	1.2175e-03	1.2175e-03	1.2176e-03	1.2176e-03	1.2177e-03	1.2178e-03	1.2179e-03	1.2180e-03	1.2181e-03	1.2183e-03	1.2185e-03	1.2188e-03	1.2190e-03	1.2193e-03	1.2196e-03	1.2198e-03	1.2203e-03
8.511380e-05	1.2176e-03	1.2176e-03	1.2176e-03	1.2176e-03	1.2177e-03	1.2178e-03	1.2179e-03	1.2180e-03	1.2181e-03	1.2182e-03	1.2184e-03	1.2186e-03	1.2189e-03	1.2191e-03	1.2195e-03	1.2198e-03	1.2200e-03	1.2205e-03
9.120108e-05	1.2176e-03	1.2176e-03	1.2176e-03	1.2176e-03	1.2177e-03	1.2178e-03	1.2179e-03	1.2180e-03	1.2182e-03	1.2183e-03	1.2185e-03	1.2188e-03	1.2190e-03	1.2193e-03	1.2197e-03	1.2200e-03	1.2203e-03	1.2208e-03
9.772372e-05	1.2176e-03	1.2176e-03	1.2177e-03	1.2177e-03	1.2178e-03	1.2179e-03	1.2180e-03	1.2181e-03	1.2182e-03	1.2184e-03	1.2186e-03	1.2189e-03	1.2192e-03	1.2194e-03	1.2199e-03	1.2202e-03	1.2205e-03	1.2211e-03
1.047129e-04	1.2177e-03	1.2177e-03	1.2177e-03	1.2177e-03	1.2178e-03	1.2179e-03	1.2181e-03	1.2182e-03	1.2183e-03	1.2185e-03	1.2188e-03	1.2190e-03	1.2193e-03	1.2196e-03	1.2201e-03	1.2204e-03	1.2207e-03	1.2214e-03
1.122018e-04	1.2177e-03	1.2177e-03	1.2178e-03	1.2178e-03	1.2179e-03	1.2180e-03	1.2181e-03	1.2183e-03	1.2184e-03	1.2186e-03	1.2189e-03	1.2192e-03	1.2195e-03	1.2198e-03	1.2203e-03	1.2207e-03	1.2210e-03	1.2217e-03
1.202264e-04	1.2178e-03	1.2178e-03	1.2178e-03	1.2179e-03	1.2179e-03	1.2181e-03	1.2182e-03	1.2184e-03	1.2185e-03	1.2187e-03	1.2190e-03	1.2193e-03	1.2197e-03	1.2200e-03	1.2205e-03	1.2209e-03	1.2213e-03	1.2220e-03
1.288250e-04	1.2178e-03	1.2179e-03	1.2179e-03	1.2179e-03	1.2180e-03	1.2181e-03	1.2183e-03	1.2185e-03	1.2186e-03	1.2188e-03	1.2192e-03	1.2195e-03	1.2199e-03	1.2202e-03	1.2208e-03	1.2212e-03	1.2216e-03	1.2224e-03
1.380384e-04	1.2179e-03	1.2179e-03	1.2179e-03	1.2180e-03	1.2181e-03	1.2182e-03	1.2184e-03	1.2186e-03	1.2188e-03	1.2189e-03	1.2193e-03	1.2197e-03	1.2201e-03	1.2205e-03	1.2211e-03	1.2215e-03	1.2219e-03	1.2227e-03
1.479108e-04	1.2180e-03	1.2180e-03	1.2180e-03	1.2181e-03	1.2181e-03	1.2183e-03	1.2185e-03	1.2187e-03	1.2189e-03	1.2191e-03	1.2195e-03	1.2199e-03	1.2203e-03	1.2207e-03	1.2213e-03	1.2218e-03	1.2223e-03	1.2231e-03
1.584893e-04	1.2180e-03	1.2181e-03	1.2181e-03	1.2181e-03	1.2182e-03	1.2184e-03	1.2186e-03	1.2188e-03	1.2190e-03	1.2192e-03	1.2197e-03	1.2201e-03	1.2205e-03	1.2210e-03	1.2217e-03	1.2222e-03	1.2226e-03	1.2236e-03
1.698244e-04	1.2181e-03	1.2181e-03	1.2182e-03	1.2182e-03	1.2183e-03	1.2185e-03	1.2187e-03	1.2189e-03	1.2192e-03	1.2194e-03	1.2198e-03	1.2203e-03	1.2208e-03	1.2212e-03	1.2220e-03	1.2225e-03	1.2231e-03	1.2241e-03
1.819701e-04	1.2182e-03	1.2182e-03	1.2182e-03	1.2183e-03	1.2184e-03	1.2186e-03	1.2188e-03	1.2191e-03	1.2193e-03	1.2196e-03	1.2200e-03	1.2205e-03	1.2211e-03	1.2215e-03	1.2223e-03	1.2229e-03	1.2235e-03	1.2246e-03
1.949845e-04	1.2183e-03	1.2183e-03	1.2183e-03	1.2184e-03	1.2185e-03	1.2187e-03	1.2190e-03	1.2192e-03	1.2195e-03	1.2197e-03	1.2203e-03	1.2208e-03	1.2213e-03	1.2219e-03	1.2227e-03	1.2233e-03	1.2240e-03	1.2251e-03
2.089296e-04	1.2184e-03	1.2184e-03	1.2184e-03	1.2185e-03	1.2186e-03	1.2189e-03	1.2191e-03	1.2194e-03	1.2197e-03	1.2199e-03	1.2205e-03	1.2210e-03	1.2217e-03	1.2222e-03	1.2231e-03	1.2238e-03	1.2244e-03	1.2257e-03
2.238721e-04	1.2185e-03	1.2185e-03	1.2185e-03	1.2186e-03	1.2187e-03	1.2190e-03	1.2193e-03	1.2196e-03	1.2198e-03	1.2201e-03	1.2207e-03	1.2213e-03	1.2220e-03	1.2226e-03	1.2236e-03	1.2243e-03	1.2250e-03	1.2263e-03
2.398833e-04	1.2186e-03	1.2186e-03	1.2186e-03	1.2187e-03	1.2188e-03	1.2191e-03	1.2194e-03	1.2197e-03	1.2201e-03	1.2204e-03	1.2210e-03	1.2216e-03	1.2223e-03	1.2230e-03	1.2240e-03	1.2248e-03	1.2256e-03	1.2270e-03
2.570396e-04	1.2187e-03	1.2187e-03	1.2188e-03	1.2188e-03	1.2190e-03	1.2193e-03	1.2196e-03	1.2199e-03	1.2203e-03	1.2206e-03	1.2213e-03	1.2220e-03	1.2227e-03	1.2234e-03	1.2245e-03	1.2254e-03	1.2262e-03	1.2277e-03
2.754229e-04	1.2188e-03	1.2188e-03	1.2189e-03	1.2190e-03	1.2191e-03	1.2195e-03	1.2198e-03	1.2201e-03	1.2205e-03	1.2209e-03	1.2216e-03	1.2223e-03	1.2231e-03	1.2239e-03	1.2251e-03	1.2260e-03	1.2268e-03	1.2284e-03
2.951209e-04	1.2189e-03	1.2190e-03	1.2190e-03	1.2191e-03	1.2193e-03	1.2196e-03	1.2200e-03	1.2204e-03	1.2208e-03	1.2211e-03	1.2219e-03	1.2227e-03	1.2236e-03	1.2244e-03	1.2257e-03	1.2266e-03	1.2275e-03	1.2293e-03
3.162278e-04	1.2191e-03	1.2191e-03	1.2192e-03	1.2192e-03	1.2194e-03	1.2198e-03	1.2202e-03	1.2206e-03	1.2210e-03	1.2214e-03	1.2223e-03	1.2231e-03	1.2240e-03	1.2249e-03	1.2263e-03	1.2273e-03	1.2283e-03	1.2301e-03
3.388442e-04	1.2192e-03	1.2192e-03	1.2193e-03	1.2194e-03	1.2196e-03	1.2200e-03	1.2204e-03	1.2209e-03	1.2213e-03	1.2218e-03	1.2227e-03	1.2235e-03	1.2245e-03	1.2255e-03	1.2270e-03	1.2280e-03	1.2291e-03	1.2311e-03
3.630781e-04	1.2194e-03	1.2194e-03	1.2195e-03	1.2196e-03	1.2198e-03	1.2202e-03	1.2207e-03	1.2211e-03	1.2216e-03	1.2221e-03	1.2231e-03	1.2240e-03	1.2251e-03	1.2261e-03	1.2277e-03	1.2288e-03	1.2299e-03	1.2321e-03
3.890451e-04	1.2195e-03	1.2196e-03	1.2197e-03	1.2198e-03	1.2200e-03	1.2205e-03	1.2210e-03	1.2214e-03	1.2220e-03	1.2225e-03	1.2235e-03	1.2245e-03	1.2257e-03	1.2267e-03	1.2284e-03	1.2297e-03	1.2309e-03	1.2332e-03
4.168694e-04	1.2197e-03	1.2198e-03	1.2199e-03	1.2200e-03	1.2202e-03	1.2207e-03	1.2212e-03	1.2218e-03	1.2223e-03	1.2229e-03	1.2240e-03	1.2250e-03	1.2263e-03	1.2274e-03	1.2292e-03	1.2306e-03	1.2319e-03	1.2343e-03
4.466836e-04	1.2199e-03	1.2200e-03	1.2201e-03	1.2202e-03	1.2204e-03	1.2210e-03	1.2215e-03	1.2221e-03	1.2227e-03	1.2233e-03	1.2245e-03	1.2256e-03	1.2269e-03	1.2282e-03	1.2301e-03	1.2315e-03	1.2329e-03	1.2356e-03
4.786301e-04	1.2201e-03	1.2202e-03	1.2203e-03	1.2204e-03	1.2207e-03	1.2213e-03	1.2219e-03	1.2225e-03	1.2231e-03	1.2237e-03	1.2250e-03	1.2262e-03	1.2277e-03	1.2290e-03	1.2311e-03	1.2326e-03	1.2341e-03	1.2369e-03
5.128614e-04	1.2203e-03	1.2204e-03	1.2205e-03	1.2206e-03	1.2209e-03	1.2216e-03	1.2222e-03	1.2229e-03	1.2235e-03	1.2242e-03	1.2256e-03	1.2269e-03	1.2284e-03	1.2298e-03	1.2321e-03	1.2337e-03	1.2353e-03	1.2383e-03
5.495409e-04	1.2206e-03	1.2206e-03	1.2208e-03	1.2209e-03	1.2212e-03	1.2219e-03	1.2226e-03	1.2233e-03	1.2240e-03	1.2247e-03	1.2262e-03	1.2276e-03	1.2292e-03	1.2307e-03	1.2331e-03	1.2349e-03	1.2366e-03	1.2398e-03
5.888437e-04	1.2208e-03	1.2209e-03	1.2210e-03	1.2212e-03	1.2215e-03	1.2222e-03	1.2230e-03	1.2237e-03	1.2245e-03	1.2253e-03	1.2269e-03	1.2284e-03	1.2301e-03	1.2317e-03	1.2343e-03	1.2362e-03	1.2380e-03	1.2415e-03
6.309573e-04	1.2211e-03	1.2212e-03	1.2213e-03	1.2215e-03	1.2219e-03	1.2226e-03	1.2234e-03	1.2242e-03	1.2250e-03	1.2259e-03	1.2276e-03	1.2292e-03	1.2310e-03	1.2328e-03	1.2355e-03	1.2375e-03	1.2395e-03	1.2432e-03
6.760830e-04	1.2214e-03	1.2215e-03	1.2216e-03	1.2218e-03	1.2222e-03	1.2230e-03	1.2239e-03	1.2247e-03	1.2256e-03	1.2265e-03	1.2283e-03	1.2300e-03	1.2320e-03	1.2339e-03	1.2369e-03	1.2390e-03	1.2411e-03	1.2451e-03
7.244360e-04	1.2217e-03	1.2218e-03	1.2220e-03	1.2221e-03	1.2226e-03	1.2235e-03	1.2244e-03	1.2253e-03	1.2262e-03	1.2272e-03	1.2291e-03	1.2310e-03	1.2331e-03	1.2351e-03	1.2383e-03	1.2406e-03	1.2428e-03	1.2471e-03
7.762471e-04	1.2221e-03	1.2222e-03	1.2223e-03	1.2225e-03	1.2230e-03	1.2239e-03	1.2249e-03	1.2259e-03	1.2269e-03	1.2279e-03	1.2300e-03	1.2320e-03	1.2343e-03	1.2364e-03	1.2398e-03	1.2423e-03	1.2447e-03	1.2493e-03
8.317638e-04	1.2224e-03	1.2225e-03	1.2227e-03	1.2229e-03	1.2234e-03	1.2244e-03	1.2254e-03	1.2265e-03	1.2276e-03	1.2287e-03	1.2309e-03	1.2330e-03	1.2355e-03	1.2378e-03	1.2414e-03	1.2441e-03	1.2466e-03	1.2516e-03
8.912509e-04	1.2228e-03	1.2229e-03	1.2231e-03	1.2233e-03	1.2239e-03	1.2249e-03	1.2261e-03	1.2272e-03	1.2283e-03	1.2295e-03	1.2319e-03	1.2342e-03	1.2368e-03	1.2393e-03	1.2432e-03	1.2460e-03	1.2488e-03	1.2540e-03
9.549926e-04	1.2232e-03	1.2233e-03	1.2236e-03	1.2238e-03	1.2243e-03	1.2255e-03	1.2267e-03	1.2279e-03	1.2292e-03	1.2304e-03	1.2330e-03	1.2354e-03	1.2383e-03	1.2409e-03	1.2450e-03	1.2481e-03	1.2510e-03	1.2567e-03
1.023293e-03	1.2237e-03	1.2238e-03	1.2240e-03	1.2243e-03	1.2249e-03	1.2261e-03	1.2274e-03	1.2287e-03	1.2300e-03	1.2314e-03	1.2341e-03	1.2367e-03	1.2398e-03	1.2426e-03	1.2471e-03	1.2503e-03	1.2535e-03	1.2595e-03
1.096478e-03	1.2241e-03	1.2243e-03	1.2245e-03	1.2248e-03	1.2254e-03	1.2268e-03	1.2281e-03	1.2295e-03	1.2310e-03	1.2324e-03	1.2354e-03	1.2381e-03	1.2414e-03	1.2444e-03	1.2492e-03	1.2527e-03	1.2561e-03	1.2626e-03
1.174898e-03	1.2247e-03	1.2248e-03	1.2251e-03	1.2253e-03	1.2260e-03	1.2275e-03	1.2289e-03	1.2304e-03	1.2320e-03	1.2335e-03	1.2367e-03	1.2396e-03	1.2431e-03	1.2464e-03	1.2515e-03	1.2553e-03	1.2589e-03	1.2658e-03
1.258925e-03	1.2252e-03	1.2254e-03	1.2256e-03	1.2259e-03	1.2267e-03	1.2282e-03	1.2298e-03	1.2314e-03	1.2330e-03	1.2347e-03	1.2381e-03	1.2413e-03	1.2450e-03	1.2485e-03	1.2540e-03	1.2580e-03	1.2619e-03	1.2693e-03
1.348963e-03	1.2258e-03	1.2260e-03	1.2263e-03	1.2266e-03	1.2274e-03	1.2290e-03	1.2307e-03	1.2324e-03	1.2342e-03	1.2360e-03	1.2396e-03	1.2430e-03	1.2470e-03	1.2507e-03	1.2566e-03	1.2609e-03	1.2651e-03	1.2730e-03
1.445440e-03	1.2264e-03	1.2266e-03	1.2269e-03	1.2273e-03	1.2281e-03	1.2299e-03	1.2317e-03	1.2335e-03	1.2354e-03	1.2373e-03	1.2412e-03	1.2449e-03	1.2492e-03	1.2531e-03	1.2594e-03	1.2641e-03	1.2685e-03	1.2770e-03
1.548817e-03	1.2271e-03	1.2273e-03	1.2276e-03	1.2280e-03	1.2289e-03	1.2308e-03	1.2327e-03	1.2347e-03	1.2367e-03	1.2388e-03	1.2429e-03	1.2469e-03	1.2515e-03	1.2557e-03	1.2625e-03	1.2674e-03	1.2722e-03	1.2811e-03
1.659587e-03	1.2278e-03	1.2280e-03	1.2284e-03	1.2288e-03	1.2298e-03	1.2318e-03	1.2339e-03	1.2360e-03	1.2381e-03	1.2403e-03	1.2448e-03	1.2490e-03	1.2539e-03	1.2585e-03	1.2657e-03	1.2710e-03	1.2761e-03	1.2856e-03
1.778279e-03	1.2286e-03	1.2288e-03	1.2292e-03	1.2296e-03	1.2307e-03	1.2328e-03	1.2351e-03	1.2373e-03	1.2396e-03	1.2420e-03	1.2468e-03	1.2513e-03	1.2566e-03	1.2614e-03	1.2692e-03	1.2749e-03	1.2802e-03	1.2904e-03
1.905461e-03	1.2294e-03	1.2296e-03	1.2301e-03	1.2305e-03	1.2317e-03	1.2340e-03	1.2363e-03	1.2388e-03	1.2413e-03	1.2438e-03	1.2489e-03	1.2537e-03	1.2594e-03	1.2646e-03	1.2730e-03	1.2789e-03	1.2846e-03	1.2955e-03
2.041738e-03	1.2303e-03	1.2305e-03	1.2310e-03	1.2315e-03	1.2327e-03	1.2352e-03	1.2377e-03	1.2403e-03	1.2430e-03	1.2457e-03	1.2512e-03	1.2564e-03	1.2624e-03	1.2680e-03	1.2769e-03	1.2832e-03	1.2893e-03	1.3010e-03
2.187762e-03	1.2313e-03	1.2315e-03	1.2320e-03	1.2325e-03	1.2338e-03	1.2365e-03	1.2392e-03	1.2420e-03	1.2448e-03	1.2477e-03	1.2536e-03	1.2592e-03	1.2657e-03	1.2717e-03	1.2810e-03	1.2878e-03	1.2944e-03	1.3069e-03
2.344229e-03	1.2323e-03	1.2326e-03	1.2331e-03	1.2336e-03	1.2350e-03	1.2379e-03	1.2408e-03	1.2438e-03	1.2468e-03	1.2499e-03	1.2563e-03	1.2622e-03	1.2692e-03	1.2756e-03	1.2855e-03	1.2928e-03	1.2998e-03	1.3132e-03
2.511886e-03	1.2334e-03	1.2337e-03	1.2342e-03	1.2348e-03	1.2363e-03	1.2394e-03	1.2425e-03	1.2457e-03	1.2490e-03	1.2523e-03	1.2591e-03	1.2654e-03	1.2729e-03	1.2796e-03	1.2903e-03	1.2980e-03	1.3055e-03	1.3199e-03
2.691535e-03	1.2345e-03	1.2349e-03	1.2355e-03	1.2361e-03	1.2377e-03	1.2410e-03	1.2443e-03	1.2478e-03	1.2513e-03	1.2548e-03	1.2621e-03	1.2689e-03	1.2768e-03	1.2840e-03	1.2954e-03	1.3037e-03	1.3118e-03	1.3271e-03
2.884032e-03	1.2358e-03	1.2361e-03	1.2368e-03	1.2375e-03	1.2392e-03	1.2427e-03	1.2463e-03	1.2500e-03	1.2537e-03	1.2575e-03	1.2653e-03	1.2726e-03	1.2810e-03	1.2886e-03	1.3009e-03	1.3098e-03	1.3184e-03	1.3349e-03
3.090295e-03	1.2371e-03	1.2375e-03	1.2382e-03	1.2389e-03	1.2408e-03	1.2445e-03	1.2484e-03	1.2523e-03	1.2563e-03	1.2604e-03	1.2688e-03	1.2765e-03	1.2854e-03	1.2936e-03	1.3067e-03	1.3163e-03	1.3255e-03	1.3429e-03
3.311311e-03	1.2386e-03	1.2390e-03	1.2397e-03	1.2405e-03	1.2425e-03	1.2465e-03	1.2506e-03	1.2548e-03	1.2592e-03	1.2635e-03	1.2725e-03	1.2806e-03	1.2902e-03	1.2990e-03	1.3130e-03	1.3233e-03	1.3332e-03	1.3516e-03
3.548134e-03	1.2401e-03	1.2405e-03	1.2414e-03	1.2422e-03	1.2443e-03	1.2486e-03	1.2530e-03	1.2576e-03	1.2622e-03	1.2669e-03	1.2764e-03	1.2851e-03	1.2953e-03	1.3047e-03	1.3197e-03	1.3307e-03	1.3411e-03	1.3608e-03
3.801894e-03	1.2418e-03	1.2422e-03	1.2431e-03	1.2440e-03	1.2462e-03	1.2509e-03	1.2556e-03	1.2605e-03	1.2654e-03	1.2704e-03	1.2805e-03	1.2898e-03	1.3008e-03	1.3109e-03	1.3270e-03	1.3386e-03	1.3496e-03	1.3707e-03
4.073803e-03	1.2436e-03	1.2440e-03	1.2450e-03	1.2459e-03	1.2483e-03	1.2533e-03	1.2584e-03	1.2636e-03	1.2689e-03	1.2742e-03	1.2849e-03	1.2949e-03	1.3067e-03	1.3175e-03	1.3347e-03	1.3469e-03	1.3587e-03	1.3813e-03
4.365158e-03	1.2455e-03	1.2460e-03	1.2470e-03	1.2480e-03	1.2506e-03	1.2559e-03	1.2613e-03	1.2669e-03	1.2726e-03	1.2782e-03	1.2896e-03	1.3003e-03	1.3129e-03	1.3245e-03	1.3427e-03	1.3559e-03	1.3685e-03	1.3927e-03
4.677351e-03	1.2475e-03	1.2480e-03	1.2491e-03	1.2502e-03	1.2530e-03	1.2587e-03	1.2645e-03	1.2705e-03	1.2765e-03	1.2825e-03	1.2947e-03	1.3062e-03	1.3197e-03	1.3321e-03	1.3513e-03	1.3654e-03	1.3790e-03	1.4047e-03
5.011872e-03	1.2497e-03	1.2503e-03	1.2514e-03	1.2526e-03	1.2555e-03	1.2616e-03	1.2679e-03	1.2743e-03	1.2806e-03	1.2870e-03	1.3001e-03	1.3124e-03	1.3269e-03	1.3400e-03	1.3606e-03	1.3756e-03	1.3902e-03	1.4174e-03
5.370318e-03	1.2520e-03	1.2526e-03	1.2539e-03	1.2551e-03	1.2583e-03	1.2648e-03	1.2715e-03	1.2783e-03	1.2850e-03	1.2919e-03	1.3060e-03	1.3191e-03	1.3346e-03	1.3484e-03	1.3705e-03	1.3866e-03	1.4020e-03	1.4310e-03
5.754399e-03	1.2545e-03	1.2552e-03	1.2565e-03	1.2579e-03	1.2613e-03	1.2682e-03	1.2754e-03	1.2825e-03	1.2898e-03	1.2972e-03	1.3122e-03	1.3263e-03	1.3427e-03	1.3574e-03	1.3811e-03	1.3983e-03	1.4145e-03	1.4456e-03
6.165950e-03	1.2572e-03	1.2579e-03	1.2593e-03	1.2608e-03	1.2644e-03	1.2719e-03	1.2795e-03	1.2871e-03	1.2949e-03	1.3028e-03	1.3189e-03	1.3340e-03	1.3513e-03	1.3671e-03	1.3924e-03	1.4106e-03	1.4279e-03	1.4612e-03
6.606934e-03	1.2601e-03	1.2608e-03	1.2624e-03	1.2639e-03	1.2678e-03	1.2758e-03	1.2838e-03	1.2920e-03	1.3003e-03	1.3088e-03	1.3260e-03	1.3420e-03	1.3605e-03	1.3775e-03	1.4044e-03	1.4237e-03	1.4423e-03	1.4775e-03
7.079458e-03	1.2631e-03	1.2640e-03	1.2656e-03	1.2673e-03	1.2715e-03	1.2799e-03	1.2885e-03	1.2972e-03	1.3061e-03	1.3152e-03	1.3337e-03	1.3506e-03	1.3704e-03	1.3886e-03	1.4170e-03	1.4377e-03	1.4577e-03	1.4949e-03
7.585776e-03	1.2665e-03	1.2673e-03	1.2691e-03	1.2709e-03	1.2753e-03	1.2843e-03	1.2934e-03	1.3028e-03	1.3124e-03	1.3221e-03	1.3417e-03	1.3598e-03	1.3810e-03	1.4004e-03	1.4306e-03	1.4528e-03	1.4739e-03	1.5136e-03
8.128305e-03	1.2700e-03	1.2709e-03	1.2728e-03	1.2747e-03	1.2794e-03	1.2889e-03	1.2988e-03	1.3088e-03	1.3191e-03	1.3295e-03	1.3503e-03	1.3696e-03	1.3923e-03	1.4128e-03	1.4452e-03	1.4688e-03	1.4910e-03	1.5336e-03
8.709636e-03	1.2738e-03	1.2748e-03	1.2767e-03	1.2787e-03	1.2837e-03	1.2940e-03	1.3045e-03	1.3153e-03	1.3263e-03	1.3374e-03	1.3594e-03	1.3801e-03	1.4043e-03	1.4260e-03	1.4608e-03	1.4856e-03	1.5094e-03	1.5543e-03
9.332543e-03	1.2777e-03	1.2788e-03	1.2809e-03	1.2830e-03	1.2883e-03	1.2993e-03	1.3106e-03	1.3222e-03	1.3339e-03	1.3456e-03	1.3692e-03	1.3914e-03	1.4170e-03	1.4403e-03	1.4771e-03	1.5036e-03	1.5291e-03	1.5764e-03
1.000000e-02	1.2820e-03	1.2831e-03	1.2853e-03	1.2876e-03	1.2933e-03	1.3051e-03	1.3172e-03	1.3296e-03	1.3420e-03	1.3544e-03	1.3798e-03	1.4034e-03	1.4305e-03	1.4555e-03	1.4944e-03	1.5228e-03	1.5496e-03	1.6002e-03
1.980000e-02	1.3436e-03	1.3458e-03	1.3501e-03	1.3544e-03	1.3654e-03	1.3881e-03	1.4110e-03	1.4341e-03	1.4577e-03	1.4812e-03	1.5285e-03	1.5716e-03	1.6215e-03	1.6663e-03	1.7363e-03	1.7867e-03	1.8346e-03	1.9236e-03
2.960000e-02	1.4035e-03	1.4066e-03	1.4129e-03	1.4192e-03	1.4352e-03	1.4680e-03	1.5009e-03	1.5345e-03	1.5676e-03	1.6013e-03	1.6678e-03	1.7286e-03	1.7983e-03	1.8607e-03	1.9572e-03	2.0267e-03	2.0919e-03	2.2139e-03
3.940000e-02	1.4618e-03	1.4660e-03	1.4741e-03	1.4823e-03	1.5030e-03	1.5452e-03	1.5875e-03	1.6300e-03	1.6728e-03	1.7154e-03	1.8000e-03	1.8769e-03	1.9641e-03	2.0419e-03	2.1622e-03	2.2485e-03	2.3297e-03	2.4794e-03
4.920000e-02	1.5186e-03	1.5237e-03	1.5338e-03	1.5437e-03	1.5687e-03	1.6197e-03	1.6710e-03	1.7223e-03	1.7739e-03	1.8252e-03	1.9264e-03	2.0176e-03	2.1214e-03	2.2133e-03	2.3546e-03	2.4560e-03	2.5515e-03	2.7272e-03
5.900000e-02	1.5740e-03	1.5799e-03	1.5916e-03	1.6034e-03	1.6325e-03	1.6920e-03	1.7519e-03	1.8116e-03	1.8712e-03	1.9308e-03	2.0469e-03	2.1520e-03	2.2705e-03	2.3751e-03	2.5369e-03	2.6526e-03	2.7606e-03	2.9601e-03
6.880000e-02	1.6283e-03	1.6350e-03	1.6482e-03	1.6615e-03	1.6949e-03	1.7626e-03	1.8304e-03	1.8980e-03	1.9652e-03	2.0322e-03	2.1633e-03	2.2809e-03	2.4134e-03	2.5304e-03	2.7102e-03	2.8388e-03	2.9591e-03	3.1813e-03
7.860000e-02	1.6817e-03	1.6891e-03	1.7037e-03	1.7184e-03	1.7559e-03	1.8313e-03	1.9067e-03	1.9817e-03	2.0563e-03	2.1307e-03	2.2755e-03	2.4050e-03	2.5511e-03	2.6795e-03	2.8760e-03	3.0170e-03	3.1490e-03	3.3917e-03
8.840000e-02	1.7337e-03	1.7419e-03	1.7583e-03	1.7745e-03	1.8154e-03	1.8983e-03	1.9809e-03	2.0632e-03	2.1451e-03	2.2264e-03	2.3839e-03	2.5251e-03	2.6836e-03	2.8224e-03	3.0357e-03	3.1888e-03	3.3312e-03	3.5930e-03
9.820000e-02	1.7851e-03	1.7940e-03	1.8117e-03	1.8295e-03	1.8740e-03	1.9639e-03	2.0535e-03	2.1429e-03	2.2317e-03	2.3192e-03	2.4892e-03	2.6415e-03	2.8116e-03	2.9606e-03	3.1899e-03	3.3538e-03	3.5064e-03	3.7874e-03
1.080000e-01	1.8359e-03	1.8456e-03	1.8645e-03	1.8836e-03	1.9319e-03	2.0284e-03	2.1248e-03	2.2209e-03	2.3158e-03	2.4093e-03	2.5918e-03	2.7542e-03	2.9357e-03	3.0947e-03	3.3385e-03	3.5130e-03	3.6758e-03	3.9747e-03
1.178000e-01	1.8859e-03	1.8962e-03	1.9166e-03	1.9372e-03	1.9882e-03	2.0913e-03	2.1943e-03	2.2967e-03	2.3977e-03	2.4974e-03	2.6919e-03	2.8637e-03	3.0565e-03	3.2252e-03	3.4824e-03	3.6674e-03	3.8401e-03	4.1556e-03
1.276000e-01	1.9356e-03	1.9464e-03	1.9680e-03	1.9896e-03	2.0441e-03	2.1535e-03	2.2627e-03	2.3712e-03	2.4782e-03	2.5838e-03	2.7895e-03	2.9707e-03	3.1739e-03	3.3514e-03	3.6223e-03	3.8175e-03	3.9989e-03	4.3312e-03
1.374000e-01	1.9843e-03	1.9959e-03	2.0189e-03	2.0417e-03	2.0993e-03	2.2150e-03	2.3303e-03	2.4447e-03	2.5574e-03	2.6688e-03	2.8844e-03	3.0755e-03	3.2883e-03	3.4741e-03	3.7588e-03	3.9633e-03	4.1532e-03	4.5023e-03
1.472000e-01	2.0329e-03	2.0450e-03	2.0690e-03	2.0932e-03	2.1537e-03	2.2753e-03	2.3965e-03	2.5166e-03	2.6349e-03	2.7517e-03	2.9777e-03	3.1776e-03	3.4002e-03	3.5940e-03	3.8923e-03	4.1053e-03	4.3038e-03	4.6694e-03
1.570000e-01	2.0809e-03	2.0937e-03	2.1190e-03	2.1442e-03	2.2078e-03	2.3353e-03	2.4621e-03	2.5876e-03	2.7114e-03	2.8335e-03	3.0697e-03	3.2776e-03	3.5098e-03	3.7119e-03	4.0220e-03	4.2444e-03	4.4514e-03	4.8312e-03
1.668000e-01	2.1287e-03	2.1420e-03	2.1683e-03	2.1948e-03	2.2612e-03	2.3944e-03	2.5268e-03	2.6578e-03	2.7871e-03	2.9143e-03	3.1594e-03	3.3764e-03	3.6165e-03	3.8270e-03	4.1482e-03	4.3794e-03	4.5951e-03	4.9888e-03
1.766000e-01	2.1760e-03	2.1899e-03	2.2176e-03	2.2451e-03	2.3145e-03	2.4532e-03	2.5908e-03	2.7271e-03	2.8615e-03	2.9935e-03	3.2483e-03	3.4729e-03	3.7219e-03	3.9396e-03	4.2725e-03	4.5122e-03	4.7354e-03	5.1437e-03
1.864000e-01	2.2232e-03	2.2377e-03	2.2664e-03	2.2952e-03	2.3673e-03	2.5113e-03	2.6543e-03	2.7962e-03	2.9354e-03	3.0723e-03	3.3360e-03	3.5681e-03	3.8254e-03	4.0510e-03	4.3940e-03	4.6432e-03	4.8736e-03	5.2953e-03
1.962000e-01	2.2702e-03	2.2853e-03	2.3152e-03	2.3451e-03	2.4199e-03	2.5691e-03	2.7173e-03	2.8641e-03	3.0081e-03	3.1496e-03	3.4225e-03	3.6621e-03	3.9273e-03	4.1593e-03	4.5133e-03	4.7696e-03	5.0073e-03	5.4436e-03
2.060000e-01	2.3172e-03	2.3329e-03	2.3637e-03	2.3947e-03	2.4720e-03	2.6263e-03	2.7801e-03	2.9319e-03	3.0806e-03	3.2267e-03	3.5084e-03	3.7547e-03	4.0284e-03	4.2668e-03	4.6313e-03	4.8948e-03	5.1398e-03	5.5907e-03
2.158000e-01	2.3640e-03	2.3802e-03	2.4122e-03	2.4442e-03	2.5240e-03	2.6835e-03	2.8424e-03	2.9988e-03	3.1521e-03	3.3029e-03	3.5929e-03	3.8467e-03	4.1275e-03	4.3722e-03	4.7463e-03	5.0168e-03	5.2694e-03	5.7323e-03
2.256000e-01	2.4107e-03	2.4275e-03	2.4604e-03	2.4933e-03	2.5758e-03	2.7406e-03	2.9045e-03	3.0656e-03	3.2235e-03	3.3790e-03	3.6772e-03	3.9375e-03	4.2263e-03	4.4766e-03	4.8608e-03	5.1376e-03	5.3972e-03	5.8733e-03
2.354000e-01	2.4574e-03	2.4746e-03	2.5085e-03	2.5425e-03	2.6274e-03	2.7976e-03	2.9661e-03	3.1317e-03	3.2944e-03	3.4543e-03	3.7603e-03	4.0281e-03	4.3233e-03	4.5795e-03	4.9724e-03	5.2558e-03	5.5229e-03	6.0102e-03
2.452000e-01	2.5039e-03	2.5216e-03	2.5566e-03	2.5915e-03	2.6790e-03	2.8543e-03	3.0276e-03	3.1978e-03	3.3653e-03	3.5296e-03	3.8432e-03	4.1177e-03	4.4200e-03	4.6819e-03	5.0838e-03	5.3730e-03	5.6468e-03	6.1465e-03
2.550000e-01	2.5504e-03	2.5686e-03	2.6045e-03	2.6405e-03	2.7308e-03	2.9110e-03	3.0888e-03	3.2637e-03	3.4357e-03	3.6040e-03	3.9257e-03	4.2070e-03	4.5153e-03	4.7832e-03	5.1927e-03	5.4878e-03	5.7683e-03	6.2790e-03
2.648000e-01	2.5969e-03	2.6156e-03	2.6525e-03	2.6896e-03	2.7826e-03	2.9675e-03	3.1498e-03	3.3296e-03	3.5061e-03	3.6784e-03	4.0081e-03	4.2955e-03	4.6103e-03	4.8843e-03	5.3013e-03	5.6024e-03	5.8887e-03	6.4115e-03
2.746000e-01	2.6434e-03	2.6626e-03	2.7008e-03	2.7390e-03	2.8344e-03	3.0240e-03	3.2109e-03	3.3955e-03	3.5761e-03	3.7523e-03	4.0902e-03	4.3836e-03	4.7049e-03	4.9842e-03	5.4082e-03	5.7149e-03	6.0064e-03	6.5405e-03
2.844000e-01	2.6902e-03	2.7101e-03	2.7493e-03	2.7884e-03	2.8864e-03	3.0804e-03	3.2722e-03	3.4614e-03	3.6460e-03	3.8262e-03	4.1721e-03	4.4714e-03	4.7993e-03	5.0842e-03	5.5143e-03	5.8275e-03	6.1241e-03	6.6691e-03
2.942000e-01	2.7373e-03	2.7577e-03	2.7978e-03	2.8381e-03	2.9383e-03	3.1369e-03	3.3335e-03	3.5272e-03	3.7158e-03	3.9002e-03	4.2538e-03	4.5586e-03	4.8935e-03	5.1831e-03	5.6202e-03	5.9384e-03	6.2386e-03	6.7961e-03
3.040000e-01	2.7845e-03	2.8054e-03	2.8467e-03	2.8878e-03	2.9904e-03	3.1933e-03	3.3951e-03	3.5929e-03	3.7855e-03	3.9743e-03	4.3353e-03	4.6458e-03	4.9874e-03	5.2818e-03	5.7257e-03	6.0489e-03	6.3529e-03	6.9219e-03
3.138000e-01	2.8321e-03	2.8536e-03	2.8956e-03	2.9377e-03	3.0424e-03	3.2503e-03	3.4568e-03	3.6586e-03	3.8551e-03	4.0485e-03	4.4167e-03	4.7333e-03	5.0812e-03	5.3800e-03	5.8313e-03	6.1589e-03	6.4660e-03	7.0477e-03
3.236000e-01	2.8799e-03	2.9017e-03	2.9447e-03	2.9878e-03	3.0947e-03	3.3075e-03	3.5185e-03	3.7244e-03	3.9255e-03	4.1230e-03	4.4979e-03	4.8208e-03	5.1747e-03	5.4775e-03	5.9364e-03	6.2674e-03	6.5771e-03	7.1709e-03
3.334000e-01	2.9276e-03	2.9501e-03	2.9941e-03	3.0379e-03	3.1472e-03	3.3647e-03	3.5805e-03	3.7903e-03	3.9959e-03	4.1975e-03	4.5791e-03	4.9085e-03	5.2681e-03	5.5750e-03	6.0414e-03	6.3759e-03	6.6883e-03	7.2941e-03
3.432000e-01	2.9760e-03	2.9988e-03	3.0435e-03	3.0883e-03	3.1997e-03	3.4228e-03	3.6425e-03	3.8562e-03	4.0666e-03	4.2721e-03	4.6604e-03	4.9965e-03	5.3613e-03	5.6733e-03	6.1464e-03	6.4834e-03	6.8004e-03	7.4165e-03
3.530000e-01	3.0243e-03	3.0475e-03	3.0933e-03	3.1391e-03	3.2531e-03	3.4809e-03	3.7046e-03	3.9232e-03	4.1378e-03	4.3470e-03	4.7427e-03	5.0844e-03	5.4543e-03	5.7718e-03	6.2509e-03	6.5902e-03	6.9131e-03	7.5373e-03
3.628000e-01	3.0728e-03	3.0967e-03	3.1434e-03	3.1898e-03	3.3068e-03	3.5391e-03	3.7672e-03	3.9903e-03	4.2090e-03	4.4218e-03	4.8251e-03	5.1727e-03	5.5472e-03	5.8704e-03	6.3554e-03	6.6969e-03	7.0257e-03	7.6582e-03
3.726000e-01	3.1219e-03	3.1462e-03	3.1935e-03	3.2414e-03	3.3605e-03	3.5979e-03	3.8298e-03	4.0577e-03	4.2807e-03	4.4970e-03	4.9080e-03	5.2609e-03	5.6411e-03	5.9697e-03	6.4597e-03	6.8055e-03	7.1395e-03	7.7781e-03
3.824000e-01	3.1711e-03	3.1957e-03	3.2446e-03	3.2936e-03	3.4154e-03	3.6567e-03	3.8932e-03	4.1260e-03	4.3527e-03	4.5724e-03	4.9915e-03	5.3493e-03	5.7358e-03	6.0691e-03	6.5638e-03	6.9147e-03	7.2536e-03	7.8967e-03
3.922000e-01	3.2206e-03	3.2463e-03	3.2962e-03	3.3458e-03	3.4704e-03	3.7160e-03	3.9574e-03	4.1943e-03	4.4247e-03	4.6477e-03	5.0751e-03	5.4380e-03	5.8305e-03	6.1687e-03	6.6678e-03	7.0239e-03	7.3678e-03	8.0154e-03
4.020000e-01	3.2715e-03	3.2974e-03	3.3479e-03	3.3990e-03	3.5255e-03	3.7759e-03	4.0217e-03	4.2632e-03	4.4975e-03	4.7251e-03	5.1594e-03	5.5267e-03	5.9265e-03	6.2689e-03	6.7733e-03	7.1352e-03	7.4832e-03	8.1357e-03
4.118000e-01	3.3223e-03	3.3485e-03	3.4007e-03	3.4527e-03	3.5817e-03	3.8357e-03	4.0870e-03	4.3327e-03	4.5705e-03	4.8024e-03	5.2441e-03	5.6161e-03	6.0229e-03	6.3691e-03	6.8806e-03	7.2470e-03	7.5988e-03	8.2591e-03
4.216000e-01	3.3735e-03	3.4009e-03	3.4539e-03	3.5064e-03	3.6379e-03	3.8967e-03	4.1530e-03	4.4023e-03	4.6434e-03	4.8801e-03	5.3288e-03	5.7075e-03	6.1194e-03	6.4697e-03	6.9879e-03	7.3587e-03	7.7144e-03	8.3824e-03
4.314000e-01	3.4262e-03	3.4537e-03	3.5072e-03	3.5612e-03	3.6942e-03	3.9587e-03	4.2189e-03	4.4726e-03	4.7186e-03	4.9595e-03	5.4146e-03	5.7989e-03	6.2173e-03	6.5708e-03	7.0968e-03	7.4726e-03	7.8312e-03	8.5072e-03
4.412000e-01	3.4788e-03	3.5065e-03	3.5616e-03	3.6164e-03	3.7520e-03	4.0206e-03	4.2861e-03	4.5436e-03	4.7940e-03	5.0390e-03	5.5005e-03	5.8912e-03	6.3155e-03	6.6718e-03	7.2074e-03	7.5870e-03	7.9483e-03	8.6360e-03
4.510000e-01	3.5318e-03	3.5606e-03	3.6164e-03	3.6716e-03	3.8097e-03	4.0839e-03	4.3538e-03	4.6146e-03	4.8695e-03	5.1189e-03	5.5864e-03	5.9853e-03	6.4136e-03	6.7749e-03	7.3181e-03	7.7013e-03	8.0653e-03	8.7649e-03
4.608000e-01	3.5861e-03	3.6151e-03	3.6713e-03	3.7280e-03	3.8676e-03	4.1481e-03	4.4215e-03	4.6872e-03	4.9474e-03	5.2004e-03	5.6755e-03	6.0794e-03	6.5133e-03	6.8802e-03	7.4303e-03	7.8176e-03	8.1865e-03	8.8947e-03
4.706000e-01	3.6405e-03	3.6696e-03	3.7274e-03	3.7850e-03	3.9280e-03	4.2123e-03	4.4906e-03	4.7611e-03	5.0253e-03	5.2820e-03	5.7649e-03	6.1746e-03	6.6132e-03	6.9856e-03	7.5444e-03	7.9345e-03	8.3089e-03	9.0293e-03
4.804000e-01	3.6951e-03	3.7255e-03	3.7842e-03	3.8420e-03	3.9884e-03	4.2778e-03	4.5602e-03	4.8350e-03	5.1035e-03	5.3641e-03	5.8542e-03	6.2714e-03	6.7130e-03	7.0930e-03	7.6585e-03	8.0514e-03	8.4314e-03	9.1640e-03
4.902000e-01	3.7516e-03	3.7820e-03	3.8409e-03	3.9008e-03	4.0489e-03	4.3443e-03	4.6298e-03	4.9106e-03	5.1840e-03	5.4478e-03	5.9470e-03	6.3681e-03	6.8173e-03	7.2030e-03	7.7739e-03	8.1722e-03	8.5578e-03	9.2989e-03
5.000000e-01	3.8080e-03	3.8385e-03	3.8995e-03	3.9607e-03	4.1120e-03	4.4107e-03	4.7020e-03	4.9876e-03	5.2645e-03	5.5314e-03	6.0399e-03	6.4661e-03	6.9221e-03	7.3129e-03	7.8914e-03	8.2950e-03	8.6863e-03	9.4396e-03
5.098000e-01	3.8645e-03	3.8969e-03	3.9593e-03	4.0206e-03	4.1751e-03	4.4786e-03	4.7750e-03	5.0646e-03	5.3453e-03	5.6163e-03	6.1327e-03	6.5656e-03	7.0270e-03	7.4249e-03	8.0090e-03	8.4179e-03	8.8149e-03	9.5803e-03
5.196000e-01	3.9242e-03	3.9566e-03	4.0190e-03	4.0822e-03	4.2383e-03	4.5476e-03	4.8481e-03	5.1434e-03	5.4285e-03	5.7043e-03	6.2292e-03	6.6651e-03	7.1364e-03	7.5396e-03	8.1285e-03	8.5443e-03	8.9469e-03	9.7210e-03
5.294000e-01	3.9839e-03	4.0163e-03	4.0806e-03	4.1452e-03	4.3044e-03	4.6165e-03	4.9238e-03	5.2235e-03	5.5117e-03	5.7923e-03	6.3257e-03	6.7669e-03	7.2467e-03	7.6543e-03	8.2528e-03	8.6738e-03	9.0819e-03	9.8684e-03
5.392000e-01	4.0436e-03	4.0777e-03	4.1436e-03	4.2082e-03	4.3704e-03	4.6877e-03	5.0006e-03	5.3037e-03	5.5951e-03	5.8816e-03	6.4222e-03	6.8724e-03	7.3570e-03	7.7709e-03	8.3771e-03	8.8034e-03	9.2169e-03	1.0017e-02
5.490000e-01	4.1066e-03	4.1407e-03	4.2066e-03	4.2730e-03	4.4365e-03	4.7607e-03	5.0773e-03	5.3857e-03	5.6832e-03	5.9742e-03	6.5224e-03	6.9778e-03	7.4719e-03	7.8906e-03	8.5031e-03	8.9360e-03	9.3548e-03	1.0165e-02
5.588000e-01	4.1697e-03	4.2038e-03	4.2714e-03	4.3393e-03	4.5057e-03	4.8337e-03	5.1569e-03	5.4692e-03	5.7713e-03	6.0667e-03	6.6226e-03	7.0856e-03	7.5878e-03	8.0102e-03	8.6350e-03	9.0726e-03	9.4965e-03	1.0320e-02
5.686000e-01	4.2328e-03	4.2686e-03	4.3379e-03	4.4055e-03	4.5750e-03	4.9091e-03	5.2375e-03	5.5527e-03	5.8597e-03	6.1607e-03	6.7228e-03	7.1973e-03	7.7038e-03	8.1325e-03	8.7669e-03	9.2092e-03	9.6383e-03	1.0476e-02
5.784000e-01	4.2994e-03	4.3353e-03	4.4043e-03	4.4737e-03	4.6442e-03	4.9865e-03	5.3181e-03	5.6392e-03	5.9530e-03	6.2581e-03	6.8297e-03	7.3091e-03	7.8246e-03	8.2602e-03	8.9004e-03	9.3486e-03	9.7830e-03	1.0633e-02
5.882000e-01	4.3662e-03	4.4020e-03	4.4727e-03	4.5436e-03	4.7180e-03	5.0639e-03	5.4018e-03	5.7282e-03	6.0464e-03	6.3555e-03	6.9367e-03	7.4236e-03	7.9466e-03	8.3879e-03	9.0405e-03	9.4927e-03	9.9339e-03	1.0796e-02
5.980000e-01	4.4331e-03	4.4706e-03	4.5430e-03	4.6135e-03	4.7921e-03	5.1440e-03	5.4865e-03	5.8173e-03	6.1402e-03	6.4545e-03	7.0437e-03	7.5423e-03	8.0686e-03	8.5185e-03	9.1806e-03	9.6369e-03	1.0085e-02	1.0961e-02
6.078000e-01	4.5038e-03	4.5413e-03	4.6133e-03	4.6861e-03	4.8661e-03	5.2262e-03	5.5712e-03	5.9097e-03	6.2391e-03	6.5570e-03	7.1582e-03	7.6610e-03	8.1978e-03	8.6552e-03	9.3224e-03	9.7843e-03	1.0238e-02	1.1127e-02
6.176000e-01	4.5747e-03	4.6120e-03	4.6863e-03	4.7612e-03	4.9454e-03	5.3083e-03	5.6608e-03	6.0048e-03	6.3381e-03	6.6595e-03	7.2727e-03	7.7830e-03	8.3288e-03	8.7920e-03	9.4714e-03	9.9387e-03	1.0400e-02	1.1299e-02
6.274000e-01	4.6457e-03	4.6855e-03	4.7619e-03	4.8363e-03	5.0247e-03	5.3937e-03	5.7518e-03	6.0999e-03	6.4379e-03	6.7648e-03	7.3879e-03	7.9091e-03	8.4597e-03	8.9326e-03	9.6204e-03	1.0093e-02	1.0561e-02	1.1474e-02
6.372000e-01	4.7221e-03	4.7618e-03	4.8376e-03	4.9148e-03	5.1045e-03	5.4810e-03	5.8429e-03	6.1992e-03	6.5429e-03	6.8754e-03	7.5106e-03	8.0351e-03	8.5997e-03	9.0793e-03	9.7722e-03	1.0252e-02	1.0726e-02	1.1649e-02
6.470000e-01	4.7987e-03	4.8381e-03	4.9169e-03	4.9957e-03	5.1897e-03	5.5682e-03	5.9399e-03	6.3009e-03	6.6479e-03	6.9860e-03	7.6333e-03	8.1669e-03	8.7409e-03	9.2260e-03	9.9327e-03	1.0418e-02	1.0898e-02	1.1833e-02
6.568000e-01	4.8760e-03	4.9182e-03	4.9985e-03	5.0766e-03	5.2748e-03	5.6608e-03	6.0380e-03	6.4025e-03	6.7552e-03	7.1009e-03	7.7581e-03	8.3033e-03	8.8826e-03	9.3785e-03	1.0093e-02	1.0585e-02	1.1071e-02	1.2022e-02
6.666000e-01	4.9590e-03	5.0007e-03	5.0802e-03	5.1623e-03	5.3615e-03	5.7554e-03	6.1363e-03	6.5099e-03	6.8691e-03	7.2206e-03	7.8898e-03	8.4397e-03	9.0352e-03	9.5361e-03	1.0259e-02	1.0757e-02	1.1248e-02	1.2211e-02
6.764000e-01	5.0420e-03	5.0833e-03	5.1672e-03	5.2496e-03	5.4530e-03	5.8499e-03	6.2420e-03	6.6186e-03	6.9830e-03	7.3402e-03	8.0215e-03	8.5850e-03	9.1877e-03	9.6938e-03	1.0433e-02	1.0937e-02	1.1433e-02	1.2413e-02
6.862000e-01	5.1273e-03	5.1716e-03	5.2556e-03	5.3370e-03	5.5446e-03	5.9521e-03	6.3478e-03	6.7276e-03	7.1015e-03	7.4669e-03	8.1587e-03	8.7333e-03	9.3440e-03	9.8616e-03	1.0607e-02	1.1117e-02	1.1619e-02	1.2619e-02
6.960000e-01	5.2175e-03	5.2611e-03	5.3444e-03	5.4313e-03	5.6402e-03	6.0547e-03	6.4561e-03	6.8463e-03	7.2255e-03	7.5967e-03	8.3023e-03	8.8822e-03	9.5093e-03	1.0033e-02	1.0791e-02	1.1306e-02	1.1813e-02	1.2825e-02
7.058000e-01	5.3076e-03	5.3517e-03	5.4403e-03	5.5258e-03	5.7402e-03	6.1596e-03	6.5705e-03	6.9650e-03	7.3495e-03	7.7266e-03	8.4458e-03	9.0439e-03	9.6745e-03	1.0205e-02	1.0980e-02	1.1501e-02	1.2015e-02	1.3049e-02
7.156000e-01	5.4030e-03	5.4491e-03	5.5361e-03	5.6231e-03	5.8401e-03	6.2715e-03	6.6849e-03	7.0875e-03	7.4824e-03	7.8679e-03	8.6004e-03	9.2057e-03	9.8496e-03	1.0393e-02	1.1170e-02	1.1696e-02	1.2218e-02	1.3275e-02
7.254000e-01	5.5012e-03	5.5464e-03	5.6360e-03	5.7267e-03	5.9482e-03	6.3834e-03	6.8065e-03	7.2176e-03	7.6179e-03	8.0092e-03	8.7577e-03	9.3743e-03	1.0030e-02	1.0580e-02	1.1375e-02	1.1909e-02	1.2437e-02	1.3505e-02
7.352000e-01	5.6002e-03	5.6491e-03	5.7413e-03	5.8303e-03	6.0577e-03	6.5020e-03	6.9321e-03	7.3477e-03	7.7561e-03	8.1564e-03	8.9191e-03	9.5514e-03	1.0213e-02	1.0777e-02	1.1582e-02	1.2123e-02	1.2660e-02	1.3753e-02
7.450000e-01	5.7083e-03	5.7562e-03	5.8466e-03	5.9419e-03	6.1708e-03	6.6243e-03	7.0591e-03	7.4880e-03	7.9047e-03	8.3118e-03	9.0922e-03	9.7285e-03	1.0412e-02	1.0983e-02	1.1797e-02	1.2345e-02	1.2888e-02	1.4002e-02
7.548000e-01	5.8164e-03	5.8641e-03	5.9618e-03	6.0559e-03	6.2914e-03	6.7488e-03	7.1977e-03	7.6312e-03	8.0533e-03	8.4673e-03	9.2654e-03	9.9230e-03	1.0611e-02	1.1190e-02	1.2025e-02	1.2582e-02	1.3137e-02	1.4267e-02
7.646000e-01	5.9318e-03	5.9825e-03	6.0780e-03	6.1740e-03	6.4119e-03	6.8840e-03	7.3363e-03	7.7796e-03	8.2137e-03	8.6387e-03	9.4539e-03	1.0118e-02	1.0824e-02	1.1417e-02	1.2253e-02	1.2819e-02	1.3385e-02	1.4542e-02
7.744000e-01	6.0514e-03	6.1009e-03	6.2009e-03	6.3003e-03	6.5443e-03	7.0192e-03	7.4857e-03	7.9381e-03	8.3781e-03	8.8108e-03	9.6456e-03	1.0326e-02	1.1045e-02	1.1645e-02	1.2505e-02	1.3080e-02	1.3655e-02	1.4824e-02
7.842000e-01	6.1753e-03	6.2290e-03	6.3297e-03	6.4270e-03	6.6777e-03	7.1667e-03	7.6395e-03	8.0971e-03	8.5502e-03	8.9953e-03	9.8484e-03	1.0543e-02	1.1275e-02	1.1890e-02	1.2759e-02	1.3345e-02	1.3933e-02	1.5130e-02
7.940000e-01	6.3084e-03	6.3606e-03	6.4628e-03	6.5676e-03	6.8207e-03	7.3170e-03	7.8013e-03	8.2733e-03	8.7332e-03	9.1870e-03	1.0061e-02	1.0769e-02	1.1520e-02	1.2143e-02	1.3033e-02	1.3629e-02	1.4226e-02	1.5436e-02
8.038000e-01	6.4439e-03	6.5006e-03	6.6066e-03	6.7082e-03	6.9692e-03	7.4780e-03	7.9731e-03	8.4496e-03	8.9213e-03	9.3891e-03	1.0283e-02	1.1011e-02	1.1772e-02	1.2411e-02	1.3316e-02	1.3926e-02	1.4537e-02	1.5777e-02
8.136000e-01	6.5931e-03	6.6479e-03	6.7533e-03	6.8631e-03	7.1265e-03	7.6463e-03	8.1513e-03	8.6440e-03	9.1266e-03	9.6043e-03	1.0521e-02	1.1262e-02	1.2046e-02	1.2694e-02	1.3619e-02	1.4240e-02	1.4858e-02	1.6121e-02
8.234000e-01	6.7442e-03	6.8035e-03	6.9141e-03	7.0200e-03	7.2928e-03	7.8260e-03	8.3435e-03	8.8414e-03	9.3368e-03	9.8297e-03	1.0769e-02	1.1534e-02	1.2327e-02	1.2993e-02	1.3940e-02	1.4573e-02	1.5206e-02	1.6502e-02
8.332000e-01	6.9114e-03	6.9684e-03	7.0788e-03	7.1935e-03	7.4698e-03	8.0159e-03	8.5435e-03	9.0601e-03	9.5690e-03	1.0071e-02	1.1036e-02	1.1818e-02	1.2635e-02	1.3311e-02	1.4282e-02	1.4925e-02	1.5567e-02	1.6891e-02
8.430000e-01	7.0830e-03	7.1448e-03	7.2599e-03	7.3700e-03	7.6577e-03	8.2201e-03	8.7601e-03	9.2831e-03	9.8096e-03	1.0327e-02	1.1321e-02	1.2123e-02	1.2955e-02	1.3654e-02	1.4643e-02	1.5300e-02	1.5960e-02	1.7323e-02
8.528000e-01	7.2717e-03	7.3308e-03	7.4498e-03	7.5695e-03	7.8626e-03	8.4337e-03	8.9908e-03	9.5359e-03	1.0071e-02	1.0599e-02	1.1625e-02	1.2450e-02	1.3304e-02	1.4017e-02	1.5035e-02	1.5704e-02	1.6378e-02	1.7763e-02
8.626000e-01	7.4721e-03	7.5364e-03	7.6558e-03	7.7764e-03	8.0771e-03	8.6705e-03	9.2373e-03	9.7978e-03	1.0351e-02	1.0898e-02	1.1958e-02	1.2795e-02	1.3682e-02	1.4418e-02	1.5441e-02	1.6129e-02	1.6827e-02	1.8258e-02
8.724000e-01	7.6874e-03	7.7519e-03	7.8823e-03	8.0065e-03	8.3179e-03	8.9183e-03	9.5125e-03	1.0086e-02	1.0648e-02	1.1212e-02	1.2308e-02	1.3182e-02	1.4081e-02	1.4839e-02	1.5903e-02	1.6609e-02	1.7321e-02	1.8776e-02
8.822000e-01	7.9302e-03	7.9965e-03	8.1233e-03	8.2561e-03	8.5727e-03	9.1961e-03	9.8049e-03	1.0399e-02	1.0984e-02	1.1570e-02	1.2698e-02	1.3595e-02	1.4535e-02	1.5303e-02	1.6394e-02	1.7117e-02	1.7842e-02	1.9340e-02
8.920000e-01	8.1909e-03	8.2617e-03	8.3926e-03	8.5234e-03	8.8495e-03	9.5030e-03	1.0128e-02	1.0735e-02	1.1347e-02	1.1959e-02	1.3126e-02	1.4049e-02	1.5021e-02	1.5815e-02	1.6928e-02	1.7673e-02	1.8422e-02	1.9973e-02
9.018000e-01	8.4740e-03	8.5496e-03	8.6893e-03	8.8221e-03	9.1654e-03	9.8390e-03	1.0488e-02	1.1114e-02	1.1748e-02	1.2382e-02	1.3595e-02	1.4564e-02	1.5550e-02	1.6375e-02	1.7537e-02	1.8297e-02	1.9065e-02	2.0660e-02
9.116000e-01	8.7990e-03	8.8688e-03	9.0178e-03	9.1602e-03	9.5184e-03	1.0210e-02	1.0887e-02	1.1546e-02	1.2202e-02	1.2850e-02	1.4123e-02	1.5132e-02	1.6146e-02	1.7002e-02	1.8205e-02	1.8984e-02	1.9778e-02	2.1418e-02
9.214000e-01	9.1651e-03	9.2394e-03	9.3914e-03	9.5450e-03	9.9178e-03	1.0635e-02	1.1341e-02	1.2033e-02	1.2714e-02	1.3393e-02	1.4726e-02	1.5770e-02	1.6836e-02	1.7715e-02	1.8954e-02	1.9762e-02	2.0585e-02	2.2279e-02
9.312000e-01	9.5904e-03	9.6696e-03	9.8281e-03	9.9875e-03	1.0374e-02	1.1125e-02	1.1871e-02	1.2589e-02	1.3301e-02	1.4024e-02	1.5414e-02	1.6510e-02	1.7624e-02	1.8530e-02	1.9818e-02	2.0662e-02	2.1512e-02	2.3272e-02
9.410000e-01	1.0088e-02	1.0168e-02	1.0338e-02	1.0502e-02	1.0909e-02	1.1707e-02	1.2490e-02	1.3239e-02	1.3998e-02	1.4759e-02	1.6223e-02	1.7386e-02	1.8533e-02	1.9477e-02	2.0840e-02	2.1713e-02	2.2591e-02	2.4442e-02
9.508000e-01	1.0676e-02	1.0773e-02	1.0950e-02	1.1118e-02	1.1563e-02	1.2419e-02	1.3232e-02	1.4030e-02	1.4844e-02	1.5653e-02	1.7227e-02	1.8425e-02	1.9640e-02	2.0653e-02	2.2052e-02	2.2964e-02	2.3899e-02	2.5861e-02
9.606000e-01	1.1442e-02	1.1541e-02	1.1722e-02	1.1921e-02	1.2386e-02	1.3295e-02	1.4176e-02	1.5041e-02	1.5900e-02	1.6773e-02	1.8455e-02	1.9733e-02	2.1040e-02	2.2091e-02	2.3546e-02	2.4515e-02	2.5529e-02	2.7605e-02
9.704000e-01	1.2458e-02	1.2565e-02	1.2761e-02	1.2966e-02	1.3465e-02	1.4492e-02	1.5427e-02	1.6362e-02	1.7324e-02	1.8275e-02	2.0100e-02	2.1478e-02	2.2859e-02	2.3984e-02	2.5558e-02	2.6599e-02	2.7659e-02	2.9885e-02
9.802000e-01	1.3949e-02	1.4063e-02	1.4309e-02	1.4543e-02	1.5121e-02	1.6220e-02	1.7316e-02	1.8348e-02	1.9382e-02	2.0458e-02	2.2500e-02	2.4011e-02	2.5515e-02	2.6723e-02	2.8403e-02	2.9510e-02	3.0703e-02	3.3139e-02
9.900000e-01	1.6746e-02	1.6885e-02	1.7180e-02	1.7468e-02	1.8169e-02	1.9481e-02	2.0782e-02	2.2003e-02	2.3224e-02	2.4477e-02	2.6860e-02	2.8550e-02	3.0233e-02	3.1571e-02	3.3392e-02	3.4614e-02	3.5909e-02	3.8735e-02
9.900503e-01	1.6768e-02	1.6906e-02	1.7204e-02	1.7490e-02	1.8193e-02	1.9510e-02	2.0811e-02	2.2030e-02	2.3251e-02	2.4506e-02	2.6890e-02	2.8587e-02	3.0269e-02	3.1608e-02	3.3427e-02	3.4652e-02	3.5950e-02	3.8773e-02
9.901005e-01	1.6789e-02	1.6927e-02	1.7228e-02	1.7513e-02	1.8216e-02	1.9538e-02	2.0839e-02	2.2057e-02	2.3279e-02	2.4536e-02	2.6924e-02	2.8624e-02	3.0305e-02	3.1644e-02	3.3462e-02	3.4691e-02	3.5992e-02	3.8811e-02
9.901508e-01	1.6810e-02	1.6948e-02	1.7252e-02	1.7536e-02	1.8240e-02	1.9567e-02	2.0867e-02	2.2084e-02	2.3306e-02	2.4572e-02	2.6961e-02	2.8660e-02	3.0341e-02	3.1680e-02	3.3497e-02	3.4729e-02	3.6033e-02	3.8848e-02
9.902010e-01	1.6832e-02	1.6973e-02	1.7277e-02	1.7558e-02	1.8264e-02	1.9596e-02	2.0895e-02	2.2112e-02	2.3333e-02	2.4607e-02	2.6998e-02	2.8697e-02	3.0378e-02	3.1716e-02	3.3533e-02	3.4768e-02	3.6075e-02	3.8886e-02
9.902513e-01	1.6853e-02	1.6999e-02	1.7301e-02	1.7581e-02	1.8287e-02	1.9625e-02	2.0923e-02	2.2139e-02	2.3361e-02	2.4643e-02	2.7034e-02	2.8733e-02	3.0414e-02	3.1753e-02	3.3568e-02	3.4806e-02	3.6116e-02	3.8924e-02
9.903015e-01	1.6874e-02	1.7024e-02	1.7325e-02	1.7603e-02	1.8311e-02	1.9654e-02	2.0951e-02	2.2166e-02	2.3388e-02	2.4679e-02	2.7071e-02	2.8770e-02	3.0450e-02	3.1789e-02	3.3603e-02	3.4845e-02	3.6158e-02	3.8968e-02
9.903518e-01	1.6896e-02	1.7050e-02	1.7349e-02	1.7626e-02	1.8335e-02	1.9682e-02	2.0979e-02	2.2193e-02	2.3415e-02	2.4714e-02	2.7108e-02	2.8807e-02	3.0486e-02	3.1825e-02	3.3638e-02	3.4883e-02	3.6200e-02	3.9015e-02
9.904020e-01	1.6917e-02	1.7075e-02	1.7373e-02	1.7649e-02	1.8358e-02	1.9711e-02	2.1007e-02	2.2221e-02	2.3449e-02	2.4750e-02	2.7145e-02	2.8843e-02	3.0522e-02	3.1862e-02	3.3673e-02	3.4922e-02	3.6241e-02	3.9061e-02
9.904523e-01	1.6939e-02	1.7101e-02	1.7397e-02	1.7671e-02	1.8382e-02	1.9740e-02	2.1035e-02	2.2248e-02	2.3484e-02	2.4785e-02	2.7182e-02	2.8880e-02	3.0558e-02	3.1898e-02	3.3708e-02	3.4960e-02	3.6283e-02	3.9108e-02
9.905025e-01	1.6963e-02	1.7126e-02	1.7421e-02	1.7694e-02	1.8405e-02	1.9769e-02	2.1063e-02	2.2275e-02	2.3519e-02	2.4821e-02	2.7219e-02	2.8916e-02	3.0595e-02	3.1934e-02	3.3744e-02	3.4998e-02	3.6324e-02	3.9155e-02
9.905528e-01	1.6989e-02	1.7152e-02	1.7445e-02	1.7717e-02	1.8429e-02	1.9798e-02	2.1092e-02	2.2302e-02	2.3554e-02	2.4856e-02	2.7255e-02	2.8953e-02	3.0631e-02	3.1970e-02	3.3779e-02	3.5037e-02	3.6366e-02	3.9201e-02
9.906030e-01	1.7016e-02	1.7177e-02	1.7469e-02	1.7739e-02	1.8453e-02	1.9827e-02	2.1120e-02	2.2329e-02	2.3589e-02	2.4892e-02	2.7292e-02	2.8990e-02	3.0667e-02	3.2007e-02	3.3814e-02	3.5075e-02	3.6408e-02	3.9248e-02
9.906533e-01	1.7042e-02	1.7203e-02	1.7493e-02	1.7764e-02	1.8476e-02	1.9855e-02	2.1148e-02	2.2357e-02	2.3624e-02	2.4927e-02	2.7329e-02	2.9026e-02	3.0703e-02	3.2043e-02	3.3849e-02	3.5114e-02	3.6449e-02	3.9294e-02
9.907035e-01	1.7068e-02	1.7228e-02	1.7517e-02	1.7792e-02	1.8500e-02	1.9884e-02	2.1176e-02	2.2389e-02	2.3659e-02	2.4963e-02	2.7366e-02	2.9063e-02	3.0739e-02	3.2079e-02	3.3884e-02	3.5152e-02	3.6491e-02	3.9341e-02
9.907538e-01	1.7095e-02	1.7254e-02	1.7541e-02	1.7819e-02	1.8523e-02	1.9913e-02	2.1204e-02	2.2423e-02	2.3694e-02	2.4998e-02	2.7403e-02	2.9099e-02	3.0775e-02	3.2115e-02	3.3927e-02	3.5191e-02	3.6532e-02	3.9387e-02
9.908040e-01	1.7121e-02	1.7279e-02	1.7565e-02	1.7846e-02	1.8547e-02	1.9942e-02	2.1232e-02	2.2457e-02	2.3728e-02	2.5034e-02	2.7440e-02	2.9136e-02	3.0812e-02	3.2152e-02	3.3972e-02	3.5229e-02	3.6574e-02	3.9434e-02
9.908543e-01	1.7147e-02	1.7305e-02	1.7589e-02	1.7873e-02	1.8571e-02	1.9971e-02	2.1260e-02	2.2490e-02	2.3763e-02	2.5069e-02	2.7476e-02	2.9173e-02	3.0848e-02	3.2188e-02	3.4017e-02	3.5268e-02	3.6615e-02	3.9480e-02
9.909045e-01	1.7174e-02	1.7330e-02	1.7613e-02	1.7901e-02	1.8596e-02	1.9999e-02	2.1288e-02	2.2524e-02	2.3798e-02	2.5105e-02	2.7513e-02	2.9209e-02	3.0884e-02	3.2224e-02	3.4063e-02	3.5306e-02	3.6657e-02	3.9527e-02
9.909548e-01	1.7200e-02	1.7356e-02	1.7637e-02	1.7928e-02	1.8625e-02	2.0028e-02	2.1316e-02	2.2558e-02	2.3833e-02	2.5140e-02	2.7550e-02	2.9246e-02	3.0924e-02	3.2261e-02	3.4108e-02	3.5344e-02	3.6699e-02	3.9573e-02
9.910050e-01	1.7226e-02	1.7381e-02	1.7661e-02	1.7955e-02	1.8654e-02	2.0057e-02	2.1345e-02	2.2591e-02	2.3868e-02	2.5176e-02	2.7587e-02	2.9282e-02	3.0968e-02	3.2297e-02	3.4153e-02	3.5383e-02	3.6740e-02	3.9620e-02
9.910553e-01	1.7253e-02	1.7407e-02	1.7685e-02	1.7982e-02	1.8683e-02	2.0086e-02	2.1377e-02	2.2625e-02	2.3903e-02	2.5211e-02	2.7624e-02	2.9319e-02	3.1011e-02	3.2333e-02	3.4198e-02	3.5421e-02	3.6782e-02	3.9666e-02
9.911055e-01	1.7279e-02	1.7432e-02	1.7709e-02	1.8010e-02	1.8713e-02	2.0115e-02	2.1411e-02	2.2658e-02	2.3938e-02	2.5247e-02	2.7661e-02	2.9356e-02	3.1055e-02	3.2371e-02	3.4243e-02	3.5460e-02	3.6823e-02	3.9713e-02
9.911558e-01	1.7305e-02	1.7458e-02	1.7733e-02	1.8037e-02	1.8742e-02	2.0143e-02	2.1444e-02	2.2692e-02	2.3973e-02	2.5282e-02	2.7697e-02	2.9392e-02	3.1098e-02	3.2416e-02	3.4288e-02	3.5499e-02	3.6865e-02	3.9760e-02
9.912060e-01	1.7332e-02	1.7483e-02	1.7758e-02	1.8064e-02	1.8771e-02	2.0172e-02	2.1478e-02	2.2726e-02	2.4007e-02	2.5318e-02	2.7734e-02	2.9429e-02	3.1142e-02	3.2461e-02	3.4333e-02	3.5548e-02	3.6907e-02	3.9806e-02
9.912563e-01	1.7358e-02	1.7509e-02	1.7787e-02	1.8091e-02	1.8800e-02	2.0201e-02	2.1512e-02	2.2759e-02	2.4042e-02	2.5354e-02	2.7771e-02	2.9465e-02	3.1186e-02	3.2506e-02	3.4378e-02	3.5597e-02	3.6948e-02	3.9853e-02
9.913065e-01	1.7385e-02	1.7534e-02	1.7816e-02	1.8119e-02	1.8830e-02	2.0230e-02	2.1546e-02	2.2793e-02	2.4077e-02	2.5389e-02	2.7808e-02	2.9502e-02	3.1229e-02	3.2551e-02	3.4423e-02	3.5646e-02	3.6990e-02	3.9899e-02
9.913568e-01	1.7411e-02	1.7560e-02	1.7845e-02	1.8146e-02	1.8859e-02	2.0259e-02	2.1580e-02	2.2827e-02	2.4112e-02	2.5425e-02	2.7845e-02	2.9547e-02	3.1273e-02	3.2596e-02	3.4468e-02	3.5695e-02	3.7031e-02	3.9946e-02
9.914070e-01	1.7437e-02	1.7585e-02	1.7874e-02	1.8173e-02	1.8888e-02	2.0287e-02	2.1613e-02	2.2860e-02	2.4147e-02	2.5460e-02	2.7882e-02	2.9593e-02	3.1316e-02	3.2641e-02	3.4513e-02	3.5744e-02	3.7073e-02	3.9992e-02
9.914573e-01	1.7464e-02	1.7611e-02	1.7903e-02	1.8200e-02	1.8917e-02	2.0316e-02	2.1647e-02	2.2894e-02	2.4182e-02	2.5496e-02	2.7918e-02	2.9639e-02	3.1360e-02	3.2686e-02	3.4558e-02	3.5793e-02	3.7114e-02	4.0039e-02
9.915075e-01	1.7490e-02	1.7636e-02	1.7932e-02	1.8228e-02	1.8947e-02	2.0345e-02	2.1681e-02	2.2928e-02	2.4217e-02	2.5531e-02	2.7955e-02	2.9685e-02	3.1404e-02	3.2731e-02	3.4603e-02	3.5842e-02	3.7156e-02	4.0085e-02
9.915578e-01	1.7516e-02	1.7662e-02	1.7961e-02	1.8255e-02	1.8976e-02	2.0374e-02	2.1715e-02	2.2961e-02	2.4252e-02	2.5567e-02	2.7992e-02	2.9731e-02	3.1447e-02	3.2776e-02	3.4648e-02	3.5891e-02	3.7203e-02	4.0132e-02
9.916080e-01	1.7543e-02	1.7687e-02	1.7990e-02	1.8282e-02	1.9005e-02	2.0406e-02	2.1749e-02	2.2995e-02	2.4286e-02	2.5602e-02	2.8029e-02	2.9777e-02	3.1491e-02	3.2820e-02	3.4694e-02	3.5940e-02	3.7254e-02	4.0178e-02
9.916583e-01	1.7569e-02	1.7713e-02	1.8019e-02	1.8309e-02	1.9034e-02	2.0442e-02	2.1783e-02	2.3029e-02	2.4321e-02	2.5638e-02	2.8066e-02	2.9823e-02	3.1534e-02	3.2865e-02	3.4739e-02	3.5989e-02	3.7304e-02	4.0225e-02
9.917085e-01	1.7595e-02	1.7738e-02	1.8048e-02	1.8337e-02	1.9064e-02	2.0478e-02	2.1816e-02	2.3062e-02	2.4356e-02	2.5673e-02	2.8103e-02	2.9869e-02	3.1578e-02	3.2910e-02	3.4784e-02	3.6038e-02	3.7355e-02	4.0272e-02
9.917588e-01	1.7622e-02	1.7767e-02	1.8077e-02	1.8364e-02	1.9093e-02	2.0513e-02	2.1850e-02	2.3096e-02	2.4391e-02	2.5713e-02	2.8139e-02	2.9915e-02	3.1622e-02	3.2955e-02	3.4829e-02	3.6087e-02	3.7406e-02	4.0318e-02
9.918090e-01	1.7648e-02	1.7798e-02	1.8106e-02	1.8391e-02	1.9122e-02	2.0549e-02	2.1884e-02	2.3129e-02	2.4426e-02	2.5756e-02	2.8177e-02	2.9961e-02	3.1665e-02	3.3000e-02	3.4874e-02	3.6136e-02	3.7457e-02	4.0365e-02
9.918593e-01	1.7674e-02	1.7828e-02	1.8135e-02	1.8418e-02	1.9151e-02	2.0585e-02	2.1918e-02	2.3163e-02	2.4461e-02	2.5799e-02	2.8224e-02	3.0007e-02	3.1709e-02	3.3045e-02	3.4919e-02	3.6185e-02	3.7508e-02	4.0411e-02
9.919095e-01	1.7701e-02	1.7859e-02	1.8164e-02	1.8445e-02	1.9181e-02	2.0621e-02	2.1952e-02	2.3197e-02	2.4496e-02	2.5842e-02	2.8271e-02	3.0053e-02	3.1752e-02	3.3090e-02	3.4964e-02	3.6234e-02	3.7558e-02	4.0458e-02
9.919598e-01	1.7727e-02	1.7890e-02	1.8192e-02	1.8473e-02	1.9210e-02	2.0656e-02	2.1985e-02	2.3230e-02	2.4532e-02	2.5885e-02	2.8318e-02	3.0099e-02	3.1796e-02	3.3135e-02	3.5009e-02	3.6283e-02	3.7609e-02	4.0504e-02
9.920101e-01	1.7754e-02	1.7921e-02	1.8221e-02	1.8500e-02	1.9239e-02	2.0692e-02	2.2019e-02	2.3264e-02	2.4575e-02	2.5927e-02	2.8365e-02	3.0145e-02	3.1839e-02	3.3180e-02	3.5054e-02	3.6332e-02	3.7660e-02	4.0551e-02
9.920603e-01	1.7786e-02	1.7952e-02	1.8250e-02	1.8527e-02	1.9268e-02	2.0728e-02	2.2053e-02	2.3298e-02	2.4619e-02	2.5970e-02	2.8412e-02	3.0191e-02	3.1883e-02	3.3225e-02	3.5099e-02	3.6381e-02	3.7711e-02	4.0597e-02
9.921106e-01	1.7818e-02	1.7982e-02	1.8279e-02	1.8554e-02	1.9298e-02	2.0764e-02	2.2087e-02	2.3331e-02	2.4663e-02	2.6013e-02	2.8459e-02	3.0236e-02	3.1927e-02	3.3270e-02	3.5144e-02	3.6430e-02	3.7762e-02	4.0644e-02
9.921608e-01	1.7850e-02	1.8013e-02	1.8308e-02	1.8582e-02	1.9327e-02	2.0799e-02	2.2121e-02	2.3365e-02	2.4706e-02	2.6056e-02	2.8507e-02	3.0282e-02	3.1970e-02	3.3315e-02	3.5189e-02	3.6479e-02	3.7812e-02	4.0690e-02
9.922111e-01	1.7882e-02	1.8044e-02	1.8337e-02	1.8614e-02	1.9356e-02	2.0835e-02	2.2154e-02	2.3399e-02	2.4750e-02	2.6098e-02	2.8554e-02	3.0328e-02	3.2014e-02	3.3360e-02	3.5234e-02	3.6528e-02	3.7863e-02	4.0737e-02
9.922613e-01	1.7913e-02	1.8075e-02	1.8366e-02	1.8648e-02	1.9386e-02	2.0871e-02	2.2188e-02	2.3436e-02	2.4793e-02	2.6141e-02	2.8601e-02	3.0374e-02	3.2057e-02	3.3405e-02	3.5279e-02	3.6577e-02	3.7914e-02	4.0787e-02
9.923116e-01	1.7945e-02	1.8106e-02	1.8395e-02	1.8682e-02	1.9415e-02	2.0907e-02	2.2222e-02	2.3479e-02	2.4837e-02	2.6184e-02	2.8648e-02	3.0420e-02	3.2101e-02	3.3450e-02	3.5325e-02	3.6626e-02	3.7965e-02	4.0847e-02
9.923618e-01	1.7977e-02	1.8136e-02	1.8424e-02	1.8716e-02	1.9444e-02	2.0942e-02	2.2256e-02	2.3523e-02	2.4881e-02	2.6227e-02	2.8695e-02	3.0466e-02	3.2145e-02	3.3494e-02	3.5370e-02	3.6675e-02	3.8016e-02	4.0906e-02
9.924121e-01	1.8009e-02	1.8167e-02	1.8453e-02	1.8750e-02	1.9475e-02	2.0978e-02	2.2290e-02	2.3566e-02	2.4924e-02	2.6269e-02	2.8742e-02	3.0512e-02	3.2188e-02	3.3539e-02	3.5415e-02	3.6724e-02	3.8066e-02	4.0966e-02
9.924623e-01	1.8041e-02	1.8198e-02	1.8482e-02	1.8784e-02	1.9513e-02	2.1014e-02	2.2323e-02	2.3609e-02	2.4968e-02	2.6312e-02	2.8789e-02	3.0558e-02	3.2232e-02	3.3584e-02	3.5460e-02	3.6773e-02	3.8117e-02	4.1026e-02
9.925126e-01	1.8073e-02	1.8229e-02	1.8511e-02	1.8818e-02	1.9551e-02	2.1050e-02	2.2357e-02	2.3652e-02	2.5012e-02	2.6355e-02	2.8836e-02	3.0604e-02	3.2275e-02	3.3629e-02	3.5508e-02	3.6822e-02	3.8168e-02	4.1086e-02
9.925628e-01	1.8104e-02	1.8260e-02	1.8540e-02	1.8852e-02	1.9589e-02	2.1085e-02	2.2398e-02	2.3696e-02	2.5055e-02	2.6398e-02	2.8883e-02	3.0650e-02	3.2319e-02	3.3674e-02	3.5566e-02	3.6870e-02	3.8219e-02	4.1146e-02
9.926131e-01	1.8136e-02	1.8290e-02	1.8569e-02	1.8885e-02	1.9627e-02	2.1121e-02	2.2440e-02	2.3739e-02	2.5099e-02	2.6440e-02	2.8930e-02	3.0696e-02	3.2363e-02	3.3719e-02	3.5623e-02	3.6919e-02	3.8270e-02	4.1206e-02
9.926633e-01	1.8168e-02	1.8321e-02	1.8600e-02	1.8919e-02	1.9665e-02	2.1157e-02	2.2482e-02	2.3782e-02	2.5143e-02	2.6483e-02	2.8977e-02	3.0742e-02	3.2417e-02	3.3764e-02	3.5681e-02	3.6968e-02	3.8320e-02	4.1266e-02
9.927136e-01	1.8200e-02	1.8352e-02	1.8636e-02	1.8953e-02	1.9703e-02	2.1193e-02	2.2524e-02	2.3825e-02	2.5186e-02	2.6526e-02	2.9024e-02	3.0788e-02	3.2471e-02	3.3809e-02	3.5739e-02	3.7017e-02	3.8371e-02	4.1326e-02
9.927638e-01	1.8232e-02	1.8383e-02	1.8672e-02	1.8987e-02	1.9741e-02	2.1228e-02	2.2566e-02	2.3869e-02	2.5230e-02	2.6569e-02	2.9071e-02	3.0834e-02	3.2526e-02	3.3854e-02	3.5797e-02	3.7066e-02	3.8422e-02	4.1386e-02
9.928141e-01	1.8264e-02	1.8414e-02	1.8709e-02	1.9021e-02	1.9778e-02	2.1264e-02	2.2608e-02	2.3912e-02	2.5273e-02	2.6611e-02	2.9118e-02	3.0880e-02	3.2580e-02	3.3901e-02	3.5855e-02	3.7115e-02	3.8473e-02	4.1446e-02
9.928643e-01	1.8295e-02	1.8444e-02	1.8745e-02	1.9055e-02	1.9816e-02	2.1300e-02	2.2650e-02	2.3955e-02	2.5317e-02	2.6654e-02	2.9166e-02	3.0931e-02	3.2634e-02	3.3959e-02	3.5913e-02	3.7164e-02	3.8523e-02	4.1506e-02
9.929146e-01	1.8327e-02	1.8475e-02	1.8781e-02	1.9089e-02	1.9854e-02	2.1336e-02	2.2693e-02	2.3998e-02	2.5361e-02	2.6697e-02	2.9213e-02	3.0987e-02	3.2688e-02	3.4017e-02	3.5971e-02	3.7222e-02	3.8574e-02	4.1566e-02
9.929648e-01	1.8359e-02	1.8506e-02	1.8817e-02	1.9123e-02	1.9892e-02	2.1375e-02	2.2735e-02	2.4042e-02	2.5404e-02	2.6740e-02	2.9260e-02	3.1042e-02	3.2743e-02	3.4076e-02	3.6029e-02	3.7282e-02	3.8625e-02	4.1625e-02
9.930151e-01	1.8391e-02	1.8537e-02	1.8853e-02	1.9157e-02	1.9930e-02	2.1419e-02	2.2777e-02	2.4085e-02	2.5448e-02	2.6782e-02	2.9307e-02	3.1098e-02	3.2797e-02	3.4134e-02	3.6087e-02	3.7342e-02	3.8676e-02	4.1685e-02
9.930653e-01	1.8423e-02	1.8567e-02	1.8889e-02	1.9191e-02	1.9968e-02	2.1462e-02	2.2819e-02	2.4128e-02	2.5492e-02	2.6825e-02	2.9354e-02	3.1153e-02	3.2851e-02	3.4192e-02	3.6145e-02	3.7402e-02	3.8727e-02	4.1745e-02
9.931156e-01	1.8455e-02	1.8601e-02	1.8925e-02	1.9225e-02	2.0006e-02	2.1505e-02	2.2861e-02	2.4172e-02	2.5535e-02	2.6868e-02	2.9401e-02	3.1209e-02	3.2905e-02	3.4250e-02	3.6202e-02	3.7463e-02	3.8777e-02	4.1805e-02
9.931658e-01	1.8486e-02	1.8639e-02	1.8961e-02	1.9259e-02	2.0044e-02	2.1548e-02	2.2903e-02	2.4215e-02	2.5579e-02	2.6913e-02	2.9448e-02	3.1265e-02	3.2960e-02	3.4308e-02	3.6260e-02	3.7523e-02	3.8828e-02	4.1865e-02
9.932161e-01	1.8518e-02	1.8678e-02	1.8997e-02	1.9292e-02	2.0082e-02	2.1591e-02	2.2945e-02	2.4258e-02	2.5622e-02	2.6966e-02	2.9495e-02	3.1320e-02	3.3014e-02	3.4367e-02	3.6318e-02	3.7583e-02	3.8879e-02	4.1925e-02
9.932663e-01	1.8550e-02	1.8716e-02	1.9033e-02	1.9326e-02	2.0120e-02	2.1634e-02	2.2987e-02	2.4301e-02	2.5666e-02	2.7019e-02	2.9552e-02	3.1376e-02	3.3068e-02	3.4425e-02	3.6376e-02	3.7643e-02	3.8930e-02	4.1985e-02
9.933166e-01	1.8582e-02	1.8755e-02	1.9070e-02	1.9360e-02	2.0158e-02	2.1678e-02	2.3029e-02	2.4345e-02	2.5715e-02	2.7072e-02	2.9612e-02	3.1431e-02	3.3122e-02	3.4483e-02	3.6434e-02	3.7703e-02	3.8994e-02	4.2045e-02
9.933668e-01	1.8620e-02	1.8793e-02	1.9106e-02	1.9394e-02	2.0195e-02	2.1721e-02	2.3071e-02	2.4388e-02	2.5767e-02	2.7125e-02	2.9671e-02	3.1487e-02	3.3177e-02	3.4541e-02	3.6492e-02	3.7763e-02	3.9059e-02	4.2105e-02
9.934171e-01	1.8660e-02	1.8832e-02	1.9142e-02	1.9428e-02	2.0233e-02	2.1764e-02	2.3113e-02	2.4431e-02	2.5820e-02	2.7178e-02	2.9731e-02	3.1542e-02	3.3231e-02	3.4599e-02	3.6550e-02	3.7823e-02	3.9123e-02	4.2165e-02
9.934673e-01	1.8700e-02	1.8870e-02	1.9178e-02	1.9462e-02	2.0271e-02	2.1807e-02	2.3155e-02	2.4474e-02	2.5873e-02	2.7231e-02	2.9790e-02	3.1598e-02	3.3285e-02	3.4658e-02	3.6608e-02	3.7883e-02	3.9188e-02	4.2225e-02
9.935176e-01	1.8740e-02	1.8909e-02	1.9214e-02	1.9505e-02	2.0309e-02	2.1850e-02	2.3197e-02	2.4518e-02	2.5926e-02	2.7284e-02	2.9850e-02	3.1654e-02	3.3340e-02	3.4716e-02	3.6666e-02	3.7943e-02	3.9252e-02	4.2285e-02
9.935678e-01	1.8779e-02	1.8947e-02	1.9250e-02	1.9549e-02	2.0347e-02	2.1893e-02	2.3239e-02	2.4570e-02	2.5978e-02	2.7337e-02	2.9910e-02	3.1709e-02	3.3394e-02	3.4774e-02	3.6724e-02	3.8003e-02	3.9317e-02	4.2344e-02
9.936181e-01	1.8819e-02	1.8986e-02	1.9286e-02	1.9593e-02	2.0385e-02	2.1937e-02	2.3281e-02	2.4625e-02	2.6031e-02	2.7391e-02	2.9969e-02	3.1765e-02	3.3448e-02	3.4832e-02	3.6781e-02	3.8063e-02	3.9381e-02	4.2404e-02
9.936683e-01	1.8859e-02	1.9024e-02	1.9322e-02	1.9638e-02	2.0432e-02	2.1980e-02	2.3323e-02	2.4679e-02	2.6084e-02	2.7444e-02	3.0029e-02	3.1820e-02	3.3502e-02	3.4891e-02	3.6839e-02	3.8123e-02	3.9446e-02	4.2464e-02
9.937186e-01	1.8899e-02	1.9062e-02	1.9358e-02	1.9682e-02	2.0479e-02	2.2023e-02	2.3365e-02	2.4734e-02	2.6136e-02	2.7497e-02	3.0088e-02	3.1876e-02	3.3557e-02	3.4949e-02	3.6897e-02	3.8183e-02	3.9510e-02	4.2524e-02
9.937688e-01	1.8939e-02	1.9101e-02	1.9394e-02	1.9726e-02	2.0527e-02	2.2066e-02	2.3407e-02	2.4788e-02	2.6189e-02	2.7550e-02	3.0148e-02	3.1932e-02	3.3611e-02	3.5007e-02	3.6955e-02	3.8244e-02	3.9575e-02	4.2584e-02
9.938191e-01	1.8978e-02	1.9139e-02	1.9431e-02	1.9770e-02	2.0574e-02	2.2109e-02	2.3458e-02	2.4843e-02	2.6242e-02	2.7603e-02	3.0208e-02	3.1987e-02	3.3665e-02	3.5065e-02	3.7013e-02	3.8304e-02	3.9640e-02	4.2644e-02
9.938693e-01	1.9018e-02	1.9178e-02	1.9467e-02	1.9815e-02	2.0622e-02	2.2152e-02	2.3512e-02	2.4897e-02	2.6295e-02	2.7656e-02	3.0267e-02	3.2043e-02	3.3719e-02	3.5123e-02	3.7071e-02	3.8364e-02	3.9704e-02	4.2705e-02
9.939196e-01	1.9058e-02	1.9216e-02	1.9514e-02	1.9859e-02	2.0669e-02	2.2196e-02	2.3567e-02	2.4952e-02	2.6347e-02	2.7709e-02	3.0327e-02	3.2098e-02	3.3774e-02	3.5182e-02	3.7129e-02	3.8424e-02	3.9769e-02	4.2783e-02
9.939698e-01	1.9098e-02	1.9255e-02	1.9561e-02	1.9903e-02	2.0717e-02	2.2239e-02	2.3621e-02	2.5006e-02	2.6400e-02	2.7762e-02	3.0386e-02	3.2154e-02	3.3828e-02	3.5240e-02	3.7190e-02	3.8484e-02	3.9833e-02	4.2862e-02
9.940201e-01	1.9138e-02	1.9293e-02	1.9608e-02	1.9947e-02	2.0764e-02	2.2282e-02	2.3676e-02	2.5061e-02	2.6453e-02	2.7815e-02	3.0446e-02	3.2209e-02	3.3882e-02	3.5298e-02	3.7261e-02	3.8544e-02	3.9898e-02	4.2940e-02
9.940704e-01	1.9177e-02	1.9332e-02	1.9655e-02	1.9992e-02	2.0812e-02	2.2325e-02	2.3730e-02	2.5115e-02	2.6505e-02	2.7868e-02	3.0506e-02	3.2265e-02	3.3950e-02	3.5356e-02	3.7332e-02	3.8604e-02	3.9962e-02	4.3019e-02
9.941206e-01	1.9217e-02	1.9370e-02	1.9703e-02	2.0036e-02	2.0859e-02	2.2370e-02	2.3785e-02	2.5170e-02	2.6558e-02	2.7921e-02	3.0565e-02	3.2321e-02	3.4021e-02	3.5414e-02	3.7403e-02	3.8664e-02	4.0027e-02	4.3097e-02
9.941709e-01	1.9257e-02	1.9409e-02	1.9750e-02	2.0080e-02	2.0907e-02	2.2424e-02	2.3840e-02	2.5224e-02	2.6611e-02	2.7974e-02	3.0625e-02	3.2380e-02	3.4092e-02	3.5473e-02	3.7474e-02	3.8724e-02	4.0091e-02	4.3176e-02
9.942211e-01	1.9297e-02	1.9447e-02	1.9797e-02	2.0125e-02	2.0954e-02	2.2478e-02	2.3894e-02	2.5279e-02	2.6664e-02	2.8027e-02	3.0685e-02	3.2449e-02	3.4163e-02	3.5542e-02	3.7546e-02	3.8784e-02	4.0156e-02	4.3255e-02
9.942714e-01	1.9337e-02	1.9491e-02	1.9844e-02	2.0169e-02	2.1002e-02	2.2532e-02	2.3949e-02	2.5334e-02	2.6716e-02	2.8080e-02	3.0744e-02	3.2519e-02	3.4234e-02	3.5617e-02	3.7617e-02	3.8844e-02	4.0220e-02	4.3333e-02
9.943216e-01	1.9376e-02	1.9542e-02	1.9892e-02	2.0213e-02	2.1049e-02	2.2586e-02	2.4003e-02	2.5388e-02	2.6769e-02	2.8133e-02	3.0804e-02	3.2588e-02	3.4305e-02	3.5693e-02	3.7688e-02	3.8904e-02	4.0285e-02	4.3412e-02
9.943719e-01	1.9416e-02	1.9592e-02	1.9939e-02	2.0257e-02	2.1096e-02	2.2640e-02	2.4058e-02	2.5443e-02	2.6822e-02	2.8190e-02	3.0863e-02	3.2658e-02	3.4375e-02	3.5768e-02	3.7759e-02	3.8974e-02	4.0350e-02	4.3490e-02
9.944221e-01	1.9456e-02	1.9643e-02	1.9986e-02	2.0302e-02	2.1144e-02	2.2694e-02	2.4112e-02	2.5497e-02	2.6874e-02	2.8259e-02	3.0928e-02	3.2728e-02	3.4446e-02	3.5844e-02	3.7830e-02	3.9051e-02	4.0414e-02	4.3569e-02
9.944724e-01	1.9505e-02	1.9693e-02	2.0033e-02	2.0346e-02	2.1191e-02	2.2748e-02	2.4167e-02	2.5552e-02	2.6934e-02	2.8328e-02	3.1000e-02	3.2797e-02	3.4517e-02	3.5920e-02	3.7901e-02	3.9127e-02	4.0479e-02	4.3647e-02
9.945226e-01	1.9557e-02	1.9744e-02	2.0081e-02	2.0391e-02	2.1239e-02	2.2802e-02	2.4221e-02	2.5606e-02	2.6999e-02	2.8397e-02	3.1072e-02	3.2867e-02	3.4588e-02	3.5995e-02	3.7973e-02	3.9204e-02	4.0543e-02	4.3726e-02
9.945729e-01	1.9609e-02	1.9794e-02	2.0128e-02	2.0446e-02	2.1286e-02	2.2856e-02	2.4276e-02	2.5661e-02	2.7065e-02	2.8466e-02	3.1144e-02	3.2936e-02	3.4659e-02	3.6071e-02	3.8044e-02	3.9281e-02	4.0608e-02	4.3804e-02
9.946231e-01	1.9662e-02	1.9845e-02	2.0175e-02	2.0502e-02	2.1334e-02	2.2909e-02	2.4330e-02	2.5722e-02	2.7131e-02	2.8535e-02	3.1217e-02	3.3006e-02	3.4730e-02	3.6147e-02	3.8115e-02	3.9358e-02	4.0672e-02	4.3883e-02
9.946734e-01	1.9714e-02	1.9895e-02	2.0222e-02	2.0558e-02	2.1388e-02	2.2963e-02	2.4385e-02	2.5788e-02	2.7197e-02	2.8604e-02	3.1289e-02	3.3075e-02	3.4801e-02	3.6222e-02	3.8186e-02	3.9435e-02	4.0737e-02	4.3961e-02
9.947236e-01	1.9766e-02	1.9945e-02	2.0270e-02	2.0613e-02	2.1445e-02	2.3017e-02	2.4440e-02	2.5854e-02	2.7263e-02	2.8673e-02	3.1361e-02	3.3145e-02	3.4871e-02	3.6298e-02	3.8257e-02	3.9511e-02	4.0811e-02	4.4040e-02
9.947739e-01	1.9818e-02	1.9996e-02	2.0317e-02	2.0669e-02	2.1503e-02	2.3071e-02	2.4494e-02	2.5920e-02	2.7328e-02	2.8741e-02	3.1434e-02	3.3214e-02	3.4942e-02	3.6373e-02	3.8328e-02	3.9588e-02	4.0898e-02	4.4118e-02
9.948241e-01	1.9871e-02	2.0046e-02	2.0364e-02	2.0725e-02	2.1560e-02	2.3125e-02	2.4555e-02	2.5986e-02	2.7394e-02	2.8810e-02	3.1506e-02	3.3284e-02	3.5013e-02	3.6449e-02	3.8400e-02	3.9665e-02	4.0985e-02	4.4197e-02
9.948744e-01	1.9923e-02	2.0097e-02	2.0417e-02	2.0781e-02	2.1618e-02	2.3179e-02	2.4624e-02	2.6052e-02	2.7460e-02	2.8879e-02	3.1578e-02	3.3353e-02	3.5084e-02	3.6525e-02	3.8471e-02	3.9742e-02	4.1072e-02	4.4275e-02
9.949246e-01	1.9975e-02	2.0147e-02	2.0477e-02	2.0836e-02	2.1675e-02	2.3233e-02	2.4693e-02	2.6118e-02	2.7526e-02	2.8948e-02	3.1651e-02	3.3423e-02	3.5155e-02	3.6600e-02	3.8542e-02	3.9819e-02	4.1159e-02	4.4354e-02
9.949749e-01	2.0028e-02	2.0198e-02	2.0536e-02	2.0892e-02	2.1733e-02	2.3287e-02	2.4762e-02	2.6184e-02	2.7591e-02	2.9017e-02	3.1723e-02	3.3493e-02	3.5226e-02	3.6676e-02	3.8613e-02	3.9896e-02	4.1246e-02	4.4432e-02
9.950251e-01	2.0080e-02	2.0248e-02	2.0596e-02	2.0948e-02	2.1790e-02	2.3341e-02	2.4832e-02	2.6251e-02	2.7657e-02	2.9086e-02	3.1795e-02	3.3562e-02	3.5297e-02	3.6751e-02	3.8684e-02	3.9972e-02	4.1332e-02	4.4511e-02
9.950754e-01	2.0132e-02	2.0299e-02	2.0656e-02	2.1003e-02	2.1848e-02	2.3395e-02	2.4901e-02	2.6317e-02	2.7723e-02	2.9155e-02	3.1867e-02	3.3632e-02	3.5367e-02	3.6827e-02	3.8755e-02	4.0049e-02	4.1419e-02	4.4589e-02
9.951256e-01	2.0184e-02	2.0349e-02	2.0715e-02	2.1059e-02	2.1906e-02	2.3458e-02	2.4970e-02	2.6383e-02	2.7789e-02	2.9224e-02	3.1940e-02	3.3701e-02	3.5438e-02	3.6903e-02	3.8827e-02	4.0126e-02	4.1506e-02	4.4668e-02
9.951759e-01	2.0237e-02	2.0403e-02	2.0775e-02	2.1115e-02	2.1963e-02	2.3529e-02	2.5039e-02	2.6449e-02	2.7855e-02	2.9293e-02	3.2012e-02	3.3771e-02	3.5514e-02	3.6978e-02	3.8898e-02	4.0203e-02	4.1593e-02	4.4753e-02
9.952261e-01	2.0289e-02	2.0466e-02	2.0834e-02	2.1170e-02	2.2021e-02	2.3599e-02	2.5109e-02	2.6515e-02	2.7920e-02	2.9361e-02	3.2084e-02	3.3840e-02	3.5606e-02	3.7054e-02	3.8980e-02	4.0280e-02	4.1680e-02	4.4852e-02
9.952764e-01	2.0341e-02	2.0530e-02	2.0894e-02	2.1226e-02	2.2078e-02	2.3670e-02	2.5178e-02	2.6581e-02	2.7986e-02	2.9430e-02	3.2157e-02	3.3915e-02	3.5699e-02	3.7129e-02	3.9071e-02	4.0356e-02	4.1767e-02	4.4951e-02
9.953266e-01	2.0395e-02	2.0594e-02	2.0953e-02	2.1282e-02	2.2136e-02	2.3741e-02	2.5247e-02	2.6647e-02	2.8052e-02	2.9499e-02	3.2229e-02	3.4007e-02	3.5792e-02	3.7212e-02	3.9162e-02	4.0433e-02	4.1854e-02	4.5049e-02
9.953769e-01	2.0461e-02	2.0658e-02	2.1013e-02	2.1338e-02	2.2193e-02	2.3811e-02	2.5316e-02	2.6713e-02	2.8118e-02	2.9586e-02	3.2301e-02	3.4099e-02	3.5884e-02	3.7305e-02	3.9254e-02	4.0510e-02	4.1941e-02	4.5148e-02
9.954271e-01	2.0527e-02	2.0721e-02	2.1072e-02	2.1402e-02	2.2251e-02	2.3882e-02	2.5386e-02	2.6780e-02	2.8187e-02	2.9675e-02	3.2376e-02	3.4190e-02	3.5977e-02	3.7399e-02	3.9345e-02	4.0587e-02	4.2027e-02	4.5247e-02
9.954774e-01	2.0593e-02	2.0785e-02	2.1132e-02	2.1470e-02	2.2308e-02	2.3952e-02	2.5455e-02	2.6846e-02	2.8273e-02	2.9763e-02	3.2467e-02	3.4282e-02	3.6070e-02	3.7492e-02	3.9436e-02	4.0664e-02	4.2114e-02	4.5345e-02
9.955276e-01	2.0659e-02	2.0849e-02	2.1191e-02	2.1537e-02	2.2367e-02	2.4023e-02	2.5524e-02	2.6915e-02	2.8359e-02	2.9852e-02	3.2558e-02	3.4373e-02	3.6162e-02	3.7585e-02	3.9528e-02	4.0740e-02	4.2201e-02	4.5444e-02
9.955779e-01	2.0725e-02	2.0912e-02	2.1251e-02	2.1605e-02	2.2440e-02	2.4094e-02	2.5593e-02	2.6997e-02	2.8445e-02	2.9940e-02	3.2649e-02	3.4465e-02	3.6255e-02	3.7678e-02	3.9619e-02	4.0833e-02	4.2288e-02	4.5543e-02
9.956281e-01	2.0791e-02	2.0976e-02	2.1310e-02	2.1673e-02	2.2512e-02	2.4164e-02	2.5662e-02	2.7080e-02	2.8531e-02	3.0029e-02	3.2740e-02	3.4556e-02	3.6348e-02	3.7771e-02	3.9710e-02	4.0938e-02	4.2375e-02	4.5641e-02
9.956784e-01	2.0857e-02	2.1040e-02	2.1374e-02	2.1740e-02	2.2584e-02	2.4235e-02	2.5742e-02	2.7163e-02	2.8618e-02	3.0117e-02	3.2830e-02	3.4648e-02	3.6440e-02	3.7864e-02	3.9802e-02	4.1042e-02	4.2462e-02	4.5740e-02
9.957286e-01	2.0923e-02	2.1104e-02	2.1446e-02	2.1808e-02	2.2657e-02	2.4305e-02	2.5826e-02	2.7246e-02	2.8704e-02	3.0206e-02	3.2921e-02	3.4739e-02	3.6533e-02	3.7958e-02	3.9893e-02	4.1147e-02	4.2549e-02	4.5839e-02
9.957789e-01	2.0990e-02	2.1167e-02	2.1519e-02	2.1875e-02	2.2729e-02	2.4376e-02	2.5910e-02	2.7329e-02	2.8790e-02	3.0294e-02	3.3012e-02	3.4831e-02	3.6626e-02	3.8051e-02	3.9984e-02	4.1251e-02	4.2635e-02	4.5937e-02
9.958291e-01	2.1056e-02	2.1231e-02	2.1591e-02	2.1943e-02	2.2801e-02	2.4447e-02	2.5994e-02	2.7412e-02	2.8876e-02	3.0383e-02	3.3103e-02	3.4922e-02	3.6719e-02	3.8144e-02	4.0076e-02	4.1355e-02	4.2730e-02	4.6036e-02
9.958794e-01	2.1122e-02	2.1295e-02	2.1663e-02	2.2011e-02	2.2873e-02	2.4517e-02	2.6078e-02	2.7495e-02	2.8962e-02	3.0471e-02	3.3194e-02	3.5014e-02	3.6811e-02	3.8237e-02	4.0167e-02	4.1460e-02	4.2850e-02	4.6135e-02
9.959296e-01	2.1188e-02	2.1360e-02	2.1736e-02	2.2078e-02	2.2946e-02	2.4605e-02	2.6162e-02	2.7578e-02	2.9049e-02	3.0560e-02	3.3284e-02	3.5105e-02	3.6904e-02	3.8330e-02	4.0258e-02	4.1564e-02	4.2969e-02	4.6233e-02
9.959799e-01	2.1254e-02	2.1437e-02	2.1808e-02	2.2146e-02	2.3018e-02	2.4695e-02	2.6246e-02	2.7661e-02	2.9135e-02	3.0648e-02	3.3375e-02	3.5197e-02	3.6997e-02	3.8424e-02	4.0350e-02	4.1669e-02	4.3088e-02	4.6332e-02
9.960302e-01	2.1320e-02	2.1515e-02	2.1880e-02	2.2214e-02	2.3090e-02	2.4785e-02	2.6330e-02	2.7744e-02	2.9221e-02	3.0737e-02	3.3466e-02	3.5289e-02	3.7089e-02	3.8517e-02	4.0441e-02	4.1773e-02	4.3207e-02	4.6431e-02
9.960804e-01	2.1393e-02	2.1592e-02	2.1953e-02	2.2281e-02	2.3163e-02	2.4875e-02	2.6414e-02	2.7827e-02	2.9307e-02	3.0825e-02	3.3557e-02	3.5380e-02	3.7184e-02	3.8610e-02	4.0532e-02	4.1878e-02	4.3327e-02	4.6529e-02
9.961307e-01	2.1474e-02	2.1670e-02	2.2025e-02	2.2349e-02	2.3235e-02	2.4966e-02	2.6499e-02	2.7909e-02	2.9393e-02	3.0917e-02	3.3648e-02	3.5472e-02	3.7298e-02	3.8703e-02	4.0624e-02	4.1982e-02	4.3446e-02	4.6628e-02
9.961809e-01	2.1554e-02	2.1747e-02	2.2097e-02	2.2431e-02	2.3307e-02	2.5056e-02	2.6583e-02	2.7992e-02	2.9480e-02	3.1024e-02	3.3738e-02	3.5585e-02	3.7412e-02	3.8796e-02	4.0715e-02	4.2087e-02	4.3565e-02	4.6727e-02
9.962312e-01	2.1634e-02	2.1824e-02	2.2170e-02	2.2516e-02	2.3380e-02	2.5146e-02	2.6667e-02	2.8075e-02	2.9584e-02	3.1132e-02	3.3829e-02	3.5705e-02	3.7527e-02	3.8889e-02	4.0818e-02	4.2191e-02	4.3685e-02	4.6825e-02
9.962814e-01	2.1715e-02	2.1902e-02	2.2242e-02	2.2601e-02	2.3463e-02	2.5236e-02	2.6751e-02	2.8158e-02	2.9695e-02	3.1240e-02	3.3929e-02	3.5826e-02	3.7641e-02	3.8997e-02	4.0943e-02	4.2296e-02	4.3804e-02	4.6953e-02
9.963317e-01	2.1795e-02	2.1979e-02	2.2314e-02	2.2686e-02	2.3558e-02	2.5326e-02	2.6835e-02	2.8263e-02	2.9807e-02	3.1348e-02	3.4049e-02	3.5946e-02	3.7755e-02	3.9117e-02	4.1068e-02	4.2400e-02	4.3923e-02	4.7083e-02
9.963819e-01	2.1875e-02	2.2057e-02	2.2393e-02	2.2772e-02	2.3654e-02	2.5416e-02	2.6924e-02	2.8372e-02	2.9918e-02	3.1456e-02	3.4170e-02	3.6067e-02	3.7869e-02	3.9238e-02	4.1193e-02	4.2504e-02	4.4042e-02	4.7214e-02
9.964322e-01	2.1955e-02	2.2134e-02	2.2485e-02	2.2857e-02	2.3749e-02	2.5507e-02	2.7030e-02	2.8482e-02	3.0030e-02	3.1564e-02	3.4290e-02	3.6187e-02	3.7984e-02	3.9358e-02	4.1318e-02	4.2609e-02	4.4162e-02	4.7345e-02
9.964824e-01	2.2036e-02	2.2212e-02	2.2576e-02	2.2942e-02	2.3845e-02	2.5597e-02	2.7135e-02	2.8591e-02	3.0141e-02	3.1671e-02	3.4410e-02	3.6308e-02	3.8098e-02	3.9478e-02	4.1443e-02	4.2718e-02	4.4281e-02	4.7475e-02
9.965327e-01	2.2116e-02	2.2289e-02	2.2667e-02	2.3027e-02	2.3940e-02	2.5687e-02	2.7241e-02	2.8701e-02	3.0253e-02	3.1779e-02	3.4531e-02	3.6428e-02	3.8212e-02	3.9598e-02	4.1567e-02	4.2863e-02	4.4400e-02	4.7606e-02
9.965829e-01	2.2196e-02	2.2368e-02	2.2758e-02	2.3112e-02	2.4036e-02	2.5797e-02	2.7347e-02	2.8810e-02	3.0365e-02	3.1887e-02	3.4651e-02	3.6549e-02	3.8326e-02	3.9718e-02	4.1692e-02	4.3008e-02	4.4519e-02	4.7736e-02
9.966332e-01	2.2277e-02	2.2466e-02	2.2849e-02	2.3198e-02	2.4131e-02	2.5906e-02	2.7453e-02	2.8920e-02	3.0476e-02	3.1995e-02	3.4771e-02	3.6669e-02	3.8441e-02	3.9838e-02	4.1817e-02	4.3153e-02	4.4639e-02	4.7867e-02
9.966834e-01	2.2357e-02	2.2563e-02	2.2941e-02	2.3283e-02	2.4227e-02	2.6016e-02	2.7558e-02	2.9029e-02	3.0588e-02	3.2103e-02	3.4891e-02	3.6790e-02	3.8555e-02	3.9958e-02	4.1942e-02	4.3298e-02	4.4768e-02	4.7998e-02
9.967337e-01	2.2457e-02	2.2661e-02	2.3032e-02	2.3368e-02	2.4322e-02	2.6125e-02	2.7664e-02	2.9139e-02	3.0699e-02	3.2211e-02	3.5012e-02	3.6911e-02	3.8669e-02	4.0078e-02	4.2067e-02	4.3443e-02	4.4918e-02	4.8128e-02
9.967839e-01	2.2559e-02	2.2759e-02	2.3123e-02	2.3464e-02	2.4418e-02	2.6235e-02	2.7770e-02	2.9248e-02	3.0811e-02	3.2318e-02	3.5132e-02	3.7031e-02	3.8783e-02	4.0198e-02	4.2192e-02	4.3588e-02	4.5068e-02	4.8259e-02
9.968342e-01	2.2660e-02	2.2856e-02	2.3214e-02	2.3577e-02	2.4513e-02	2.6344e-02	2.7876e-02	2.9357e-02	3.0927e-02	3.2443e-02	3.5252e-02	3.7152e-02	3.8898e-02	4.0318e-02	4.2317e-02	4.3733e-02	4.5218e-02	4.8389e-02
9.968844e-01	2.2761e-02	2.2954e-02	2.3305e-02	2.3690e-02	2.4632e-02	2.6454e-02	2.7981e-02	2.9467e-02	3.1063e-02	3.2580e-02	3.5373e-02	3.7295e-02	3.9035e-02	4.0438e-02	4.2441e-02	4.3878e-02	4.5368e-02	4.8520e-02
9.969347e-01	2.2863e-02	2.3052e-02	2.3397e-02	2.3803e-02	2.4755e-02	2.6564e-02	2.8087e-02	2.9598e-02	3.1199e-02	3.2716e-02	3.5493e-02	3.7443e-02	3.9183e-02	4.0558e-02	4.2566e-02	4.4023e-02	4.5518e-02	4.8650e-02
9.969849e-01	2.2964e-02	2.3149e-02	2.3510e-02	2.3916e-02	2.4878e-02	2.6673e-02	2.8199e-02	2.9740e-02	3.1335e-02	3.2853e-02	3.5651e-02	3.7592e-02	3.9330e-02	4.0678e-02	4.2691e-02	4.4168e-02	4.5668e-02	4.8781e-02
9.970352e-01	2.3065e-02	2.3247e-02	2.3632e-02	2.4029e-02	2.5000e-02	2.6783e-02	2.8340e-02	2.9883e-02	3.1471e-02	3.2989e-02	3.5810e-02	3.7740e-02	3.9477e-02	4.0807e-02	4.2862e-02	4.4313e-02	4.5818e-02	4.8912e-02
9.970854e-01	2.3167e-02	2.3345e-02	2.3753e-02	2.4142e-02	2.5123e-02	2.6892e-02	2.8480e-02	3.0025e-02	3.1607e-02	3.3125e-02	3.5970e-02	3.7889e-02	3.9625e-02	4.0973e-02	4.3036e-02	4.4458e-02	4.5968e-02	4.9042e-02
9.971357e-01	2.3268e-02	2.3450e-02	2.3874e-02	2.4255e-02	2.5246e-02	2.7028e-02	2.8620e-02	3.0168e-02	3.1744e-02	3.3262e-02	3.6129e-02	3.8037e-02	3.9772e-02	4.1138e-02	4.3210e-02	4.4603e-02	4.6118e-02	4.9228e-02
9.971859e-01	2.3369e-02	2.3580e-02	2.3995e-02	2.4368e-02	2.5368e-02	2.7166e-02	2.8760e-02	3.0310e-02	3.1880e-02	3.3398e-02	3.6288e-02	3.8185e-02	3.9919e-02	4.1303e-02	4.3384e-02	4.4755e-02	4.6269e-02	4.9417e-02
9.972362e-01	2.3488e-02	2.3710e-02	2.4116e-02	2.4481e-02	2.5491e-02	2.7304e-02	2.8901e-02	3.0453e-02	3.2016e-02	3.3534e-02	3.6447e-02	3.8334e-02	4.0066e-02	4.1468e-02	4.3559e-02	4.4938e-02	4.6419e-02	4.9606e-02
9.972864e-01	2.3622e-02	2.3840e-02	2.4237e-02	2.4613e-02	2.5614e-02	2.7441e-02	2.9041e-02	3.0595e-02	3.2152e-02	3.3671e-02	3.6606e-02	3.8482e-02	4.0214e-02	4.1634e-02	4.3733e-02	4.5120e-02	4.6569e-02	4.9795e-02
9.973367e-01	2.3757e-02	2.3969e-02	2.4358e-02	2.4758e-02	2.5747e-02	2.7579e-02	2.9181e-02	3.0738e-02	3.2288e-02	3.3807e-02	3.6766e-02	3.8631e-02	4.0361e-02	4.1799e-02	4.3907e-02	4.5302e-02	4.6719e-02	4.9984e-02
9.973869e-01	2.3892e-02	2.4099e-02	2.4479e-02	2.4904e-02	2.5896e-02	2.7717e-02	2.9322e-02	3.0880e-02	3.2441e-02	3.3961e-02	3.6925e-02	3.8779e-02	4.0508e-02	4.1964e-02	4.4082e-02	4.5485e-02	4.6880e-02	5.0173e-02
9.974372e-01	2.4026e-02	2.4229e-02	2.4622e-02	2.5049e-02	2.6045e-02	2.7855e-02	2.9462e-02	3.1049e-02	3.2613e-02	3.4144e-02	3.7084e-02	3.8927e-02	4.0655e-02	4.2129e-02	4.4256e-02	4.5667e-02	4.7079e-02	5.0362e-02
9.974874e-01	2.4161e-02	2.4359e-02	2.4778e-02	2.5194e-02	2.6193e-02	2.7993e-02	2.9632e-02	3.1223e-02	3.2786e-02	3.4327e-02	3.7259e-02	3.9117e-02	4.0814e-02	4.2294e-02	4.4430e-02	4.5849e-02	4.7278e-02	5.0551e-02
9.975377e-01	2.4296e-02	2.4489e-02	2.4934e-02	2.5340e-02	2.6342e-02	2.8130e-02	2.9815e-02	3.1396e-02	3.2958e-02	3.4509e-02	3.7454e-02	3.9308e-02	4.1017e-02	4.2460e-02	4.4604e-02	4.6032e-02	4.7477e-02	5.0739e-02
9.975879e-01	2.4430e-02	2.4645e-02	2.5090e-02	2.5485e-02	2.6491e-02	2.8299e-02	2.9998e-02	3.1570e-02	3.3131e-02	3.4692e-02	3.7650e-02	3.9499e-02	4.1220e-02	4.2625e-02	4.4794e-02	4.6214e-02	4.7676e-02	5.0928e-02
9.976382e-01	2.4576e-02	2.4812e-02	2.5245e-02	2.5630e-02	2.6640e-02	2.8482e-02	3.0181e-02	3.1744e-02	3.3303e-02	3.4874e-02	3.7845e-02	3.9690e-02	4.1423e-02	4.2826e-02	4.5012e-02	4.6396e-02	4.7875e-02	5.1117e-02
9.976884e-01	2.4750e-02	2.4979e-02	2.5401e-02	2.5794e-02	2.6789e-02	2.8665e-02	3.0364e-02	3.1917e-02	3.3475e-02	3.5057e-02	3.8041e-02	3.9881e-02	4.1626e-02	4.3058e-02	4.5231e-02	4.6579e-02	4.8074e-02	5.1306e-02
9.977387e-01	2.4923e-02	2.5147e-02	2.5557e-02	2.5970e-02	2.6947e-02	2.8848e-02	3.0547e-02	3.2091e-02	3.3648e-02	3.5240e-02	3.8236e-02	4.0071e-02	4.1828e-02	4.3290e-02	4.5449e-02	4.6761e-02	4.8273e-02	5.1563e-02
9.977889e-01	2.5096e-02	2.5314e-02	2.5719e-02	2.6146e-02	2.7134e-02	2.9031e-02	3.0730e-02	3.2265e-02	3.3820e-02	3.5422e-02	3.8432e-02	4.0262e-02	4.2031e-02	4.3522e-02	4.5668e-02	4.6978e-02	4.8473e-02	5.1853e-02
9.978392e-01	2.5270e-02	2.5481e-02	2.5907e-02	2.6322e-02	2.7321e-02	2.9214e-02	3.0915e-02	3.2459e-02	3.4027e-02	3.5642e-02	3.8627e-02	4.0453e-02	4.2234e-02	4.3754e-02	4.5886e-02	4.7220e-02	4.8672e-02	5.2143e-02
9.978894e-01	2.5443e-02	2.5648e-02	2.6096e-02	2.6498e-02	2.7508e-02	2.9397e-02	3.1137e-02	3.2678e-02	3.4259e-02	3.5886e-02	3.8823e-02	4.0644e-02	4.2437e-02	4.3986e-02	4.6105e-02	4.7462e-02	4.8871e-02	5.2433e-02
9.979397e-01	2.5617e-02	2.5842e-02	2.6285e-02	2.6674e-02	2.7695e-02	2.9603e-02	3.1359e-02	3.2898e-02	3.4491e-02	3.6130e-02	3.9043e-02	4.0858e-02	4.2640e-02	4.4218e-02	4.6323e-02	4.7703e-02	4.9079e-02	5.2723e-02
9.979899e-01	2.5812e-02	2.6044e-02	2.6473e-02	2.6850e-02	2.7882e-02	2.9841e-02	3.1581e-02	3.3118e-02	3.4722e-02	3.6373e-02	3.9293e-02	4.1120e-02	4.2900e-02	4.4451e-02	4.6542e-02	4.7945e-02	4.9368e-02	5.3013e-02
9.980402e-01	2.6021e-02	2.6246e-02	2.6662e-02	2.7058e-02	2.8068e-02	3.0080e-02	3.1803e-02	3.3338e-02	3.4954e-02	3.6617e-02	3.9544e-02	4.1382e-02	4.3185e-02	4.4683e-02	4.6760e-02	4.8187e-02	4.9657e-02	5.3303e-02
9.980905e-01	2.6230e-02	2.6448e-02	2.6851e-02	2.7278e-02	2.8282e-02	3.0318e-02	3.2025e-02	3.3557e-02	3.5186e-02	3.6861e-02	3.9794e-02	4.1644e-02	4.3470e-02	4.4963e-02	4.7025e-02	4.8428e-02	4.9946e-02	5.3593e-02
9.981407e-01	2.6440e-02	2.6650e-02	2.7074e-02	2.7499e-02	2.8529e-02	3.0556e-02	3.2248e-02	3.3777e-02	3.5417e-02	3.7105e-02	4.0045e-02	4.1906e-02	4.3754e-02	4.5252e-02	4.7313e-02	4.8670e-02	5.0236e-02	5.3906e-02
9.981910e-01	2.6649e-02	2.6852e-02	2.7309e-02	2.7719e-02	2.8776e-02	3.0794e-02	3.2497e-02	3.4032e-02	3.5700e-02	3.7387e-02	4.0295e-02	4.2168e-02	4.4039e-02	4.5541e-02	4.7601e-02	4.8911e-02	5.0525e-02	5.4273e-02
9.982412e-01	2.6858e-02	2.7092e-02	2.7545e-02	2.7940e-02	2.9023e-02	3.1059e-02	3.2777e-02	3.4327e-02	3.6010e-02	3.7685e-02	4.0546e-02	4.2429e-02	4.4324e-02	4.5830e-02	4.7889e-02	4.9199e-02	5.0814e-02	5.4640e-02
9.982915e-01	2.7108e-02	2.7344e-02	2.7780e-02	2.8160e-02	2.9271e-02	3.1346e-02	3.3056e-02	3.4621e-02	3.6319e-02	3.7983e-02	4.0805e-02	4.2691e-02	4.4609e-02	4.6119e-02	4.8178e-02	4.9550e-02	5.1103e-02	5.5006e-02
9.983417e-01	2.7369e-02	2.7596e-02	2.8016e-02	2.8446e-02	2.9522e-02	3.1633e-02	3.3336e-02	3.4916e-02	3.6629e-02	3.8281e-02	4.1146e-02	4.3053e-02	4.4935e-02	4.6409e-02	4.8466e-02	4.9900e-02	5.1405e-02	5.5373e-02
9.983920e-01	2.7630e-02	2.7848e-02	2.8276e-02	2.8737e-02	2.9841e-02	3.1920e-02	3.3615e-02	3.5210e-02	3.6938e-02	3.8579e-02	4.1488e-02	4.3419e-02	4.5288e-02	4.6698e-02	4.8754e-02	5.0250e-02	5.1851e-02	5.5740e-02
9.984422e-01	2.7891e-02	2.8100e-02	2.8586e-02	2.9027e-02	3.0161e-02	3.2207e-02	3.3895e-02	3.5508e-02	3.7264e-02	3.8877e-02	4.1830e-02	4.3784e-02	4.5641e-02	4.7034e-02	4.9043e-02	5.0601e-02	5.2296e-02	5.6107e-02
9.984925e-01	2.8152e-02	2.8407e-02	2.8895e-02	2.9318e-02	3.0481e-02	3.2527e-02	3.4266e-02	3.5899e-02	3.7640e-02	3.9240e-02	4.2171e-02	4.4150e-02	4.5994e-02	4.7412e-02	4.9454e-02	5.0951e-02	5.2741e-02	5.6517e-02
9.985427e-01	2.8486e-02	2.8738e-02	2.9205e-02	2.9638e-02	3.0801e-02	3.2884e-02	3.4636e-02	3.6291e-02	3.8016e-02	3.9619e-02	4.2513e-02	4.4515e-02	4.6347e-02	4.7790e-02	4.9868e-02	5.1301e-02	5.3186e-02	5.7007e-02
9.985930e-01	2.8827e-02	2.9068e-02	2.9517e-02	3.0012e-02	3.1164e-02	3.3241e-02	3.5007e-02	3.6682e-02	3.8391e-02	3.9997e-02	4.2913e-02	4.4917e-02	4.6701e-02	4.8168e-02	5.0283e-02	5.1802e-02	5.3631e-02	5.7496e-02
9.986432e-01	2.9168e-02	2.9398e-02	2.9914e-02	3.0386e-02	3.1546e-02	3.3598e-02	3.5378e-02	3.7074e-02	3.8767e-02	4.0376e-02	4.3385e-02	4.5367e-02	4.7118e-02	4.8546e-02	5.0697e-02	5.2339e-02	5.4145e-02	5.7986e-02
9.986935e-01	2.9510e-02	2.9791e-02	3.0311e-02	3.0760e-02	3.1928e-02	3.3975e-02	3.5828e-02	3.7524e-02	3.9198e-02	4.0754e-02	4.3857e-02	4.5816e-02	4.7576e-02	4.8924e-02	5.1111e-02	5.2876e-02	5.4700e-02	5.8476e-02
9.987437e-01	2.9946e-02	3.0214e-02	3.0708e-02	3.1178e-02	3.2310e-02	3.4442e-02	3.6315e-02	3.7995e-02	3.9671e-02	4.1257e-02	4.4329e-02	4.6266e-02	4.8033e-02	4.9407e-02	5.1606e-02	5.3413e-02	5.5255e-02	5.8965e-02
9.987940e-01	3.0381e-02	3.0637e-02	3.1144e-02	3.1623e-02	3.2769e-02	3.4908e-02	3.6802e-02	3.8467e-02	4.0145e-02	4.1767e-02	4.4819e-02	4.6715e-02	4.8491e-02	4.9942e-02	5.2233e-02	5.3985e-02	5.5809e-02	5.9666e-02
9.988442e-01	3.0817e-02	3.1089e-02	3.1616e-02	3.2068e-02	3.3238e-02	3.5375e-02	3.7310e-02	3.8939e-02	4.0618e-02	4.2276e-02	4.5394e-02	4.7256e-02	4.8948e-02	5.0476e-02	5.2859e-02	5.4647e-02	5.6371e-02	6.0387e-02
9.988945e-01	3.1318e-02	3.1591e-02	3.2088e-02	3.2546e-02	3.3708e-02	3.5942e-02	3.7891e-02	3.9526e-02	4.1195e-02	4.2816e-02	4.5969e-02	4.7831e-02	4.9546e-02	5.1011e-02	5.3486e-02	5.5309e-02	5.7095e-02	6.1108e-02
9.989447e-01	3.1835e-02	3.2093e-02	3.2604e-02	3.3089e-02	3.4259e-02	3.6544e-02	3.8471e-02	4.0112e-02	4.1822e-02	4.3507e-02	4.6544e-02	4.8406e-02	5.0184e-02	5.1630e-02	5.4183e-02	5.5971e-02	5.7819e-02	6.1848e-02
9.989950e-01	3.2352e-02	3.2645e-02	3.3179e-02	3.3633e-02	3.4862e-02	3.7146e-02	3.9078e-02	4.0698e-02	4.2450e-02	4.4197e-02	4.7193e-02	4.8981e-02	5.0822e-02	5.2419e-02	5.4950e-02	5.6715e-02	5.8544e-02	6.3004e-02
9.990452e-01	3.2980e-02	3.3256e-02	3.3755e-02	3.4254e-02	3.5464e-02	3.7854e-02	3.9789e-02	4.1438e-02	4.3202e-02	4.4921e-02	4.7918e-02	4.9741e-02	5.1500e-02	5.3208e-02	5.5717e-02	5.7565e-02	5.9376e-02	6.4159e-02
9.990955e-01	3.3609e-02	3.3866e-02	3.4448e-02	3.4945e-02	3.6219e-02	3.8566e-02	4.0501e-02	4.2200e-02	4.4037e-02	4.5748e-02	4.8643e-02	5.0525e-02	5.2420e-02	5.4040e-02	5.6523e-02	5.8415e-02	6.0401e-02	6.5417e-02
9.991457e-01	3.4329e-02	3.4631e-02	3.5177e-02	3.5672e-02	3.6983e-02	3.9354e-02	4.1333e-02	4.3041e-02	4.4900e-02	4.6575e-02	4.9474e-02	5.1310e-02	5.3341e-02	5.4999e-02	5.7501e-02	5.9361e-02	6.1425e-02	6.6771e-02
9.991960e-01	3.5123e-02	3.5403e-02	3.6011e-02	3.6540e-02	3.7850e-02	4.0221e-02	4.2239e-02	4.4034e-02	4.5892e-02	4.7533e-02	5.0440e-02	5.2387e-02	5.4358e-02	5.5957e-02	5.8478e-02	6.0528e-02	6.2769e-02	6.8193e-02
9.992462e-01	3.6024e-02	3.6346e-02	3.6925e-02	3.7449e-02	3.8750e-02	4.1168e-02	4.3267e-02	4.5082e-02	4.6893e-02	4.8551e-02	5.1420e-02	5.3488e-02	5.5471e-02	5.7064e-02	5.9613e-02	6.1696e-02	6.4296e-02	6.9815e-02
9.992965e-01	3.7017e-02	3.7336e-02	3.7958e-02	3.8473e-02	3.9803e-02	4.2257e-02	4.4421e-02	4.6254e-02	4.8098e-02	4.9716e-02	5.2735e-02	5.4749e-02	5.6644e-02	5.8270e-02	6.0934e-02	6.3323e-02	6.5976e-02	7.1541e-02
9.993467e-01	3.8158e-02	3.8473e-02	3.9056e-02	3.9613e-02	4.0923e-02	4.3510e-02	4.5727e-02	4.7548e-02	4.9368e-02	5.1024e-02	5.4099e-02	5.6073e-02	5.8032e-02	5.9629e-02	6.2440e-02	6.5033e-02	6.7715e-02	7.3538e-02
9.993970e-01	3.9407e-02	3.9748e-02	4.0356e-02	4.0867e-02	4.2284e-02	4.4905e-02	4.7137e-02	4.8962e-02	5.0885e-02	5.2620e-02	5.5670e-02	5.7644e-02	5.9550e-02	6.1230e-02	6.4292e-02	6.6946e-02	6.9712e-02	7.5838e-02
9.994472e-01	4.0827e-02	4.1201e-02	4.1868e-02	4.2405e-02	4.3877e-02	4.6516e-02	4.8771e-02	5.0704e-02	5.2685e-02	5.4415e-02	5.7444e-02	5.9358e-02	6.1371e-02	6.3212e-02	6.6367e-02	6.9033e-02	7.1845e-02	7.8410e-02
9.994975e-01	4.2579e-02	4.2952e-02	4.3668e-02	4.4244e-02	4.5720e-02	4.8384e-02	5.0737e-02	5.2748e-02	5.4764e-02	5.6439e-02	5.9471e-02	6.1476e-02	6.3672e-02	6.5513e-02	6.8635e-02	7.1304e-02	7.4197e-02	8.1261e-02
9.995477e-01	4.4713e-02	4.5117e-02	4.5826e-02	4.6390e-02	4.7876e-02	5.0618e-02	5.3122e-02	5.5166e-02	5.7186e-02	5.8869e-02	6.1965e-02	6.4171e-02	6.6346e-02	6.8105e-02	7.1180e-02	7.3932e-02	7.6969e-02	8.4508e-02
9.995980e-01	4.7300e-02	4.7697e-02	4.8401e-02	4.8950e-02	5.0518e-02	5.3417e-02	5.5981e-02	5.8050e-02	6.0154e-02	6.1896e-02	6.5237e-02	6.7333e-02	6.9442e-02	7.1137e-02	7.4198e-02	7.7004e-02	8.0101e-02	8.8202e-02
9.996482e-01	5.0516e-02	5.0907e-02	5.1665e-02	5.2320e-02	5.3916e-02	5.6910e-02	5.9565e-02	6.1678e-02	6.4029e-02	6.5925e-02	6.9160e-02	7.1129e-02	7.3181e-02	7.4863e-02	7.7862e-02	8.0600e-02	8.3758e-02	9.2567e-02
9.996985e-01	5.4780e-02	5.5209e-02	5.6035e-02	5.6656e-02	5.8333e-02	6.1440e-02	6.4429e-02	6.6715e-02	6.9059e-02	7.0839e-02	7.4059e-02	7.6117e-02	7.7916e-02	7.9599e-02	8.2404e-02	8.4992e-02	8.8249e-02	9.8107e-02
9.997487e-01	6.0461e-02	6.0881e-02	6.1849e-02	6.2553e-02	6.4383e-02	6.7802e-02	7.0936e-02	7.3311e-02	7.5866e-02	7.7697e-02	8.0864e-02	8.2675e-02	8.4229e-02	8.5608e-02	8.8410e-02	9.1183e-02	9.4324e-02	1.0744e-01
9.997990e-01	6.8590e-02	6.9003e-02	7.0260e-02	7.0911e-02	7.2903e-02	7.6735e-02	8.0304e-02	8.2862e-02	8.5518e-02	8.7344e-02	9.0323e-02	9.2159e-02	9.3488e-02	9.4908e-02	9.7750e-02	1.0084e-01	1.0446e-01	1.3779e-01
9.998492e-01	8.0655e-02	8.1039e-02	8.2643e-02	8.3376e-02	8.5444e-02	8.9859e-02	9.4002e-02	9.6959e-02	1.0014e-01	1.0201e-01	1.0514e-01	1.0714e-01	1.0870e-01	1.1058e-01	1.1527e-01	1.2129e-01	1.2863e-01	1.5918e-01
9.998995e-01	1.0105e-01	1.0151e-01	1.0329e-01	1.0417e-01	1.0667e-01	1.1159e-01	1.1662e-01	1.2013e-01	1.2365e-01	1.2583e-01	1.2878e-01	1.3099e-01	1.3257e-01	1.3435e-01	1.3875e-01	1.4438e-01	1.5098e-01	1.7772e-01
9.999497e-01	1.6236e-01	1.6384e-01	1.6476e-01	1.6559e-01	1.6692e-01	1.7039e-01	1.7307e-01	1.7482e-01	1.7613e-01	1.7710e-01	1.7766e-01	1.7793e-01	1.7765e-01	1.7805e-01	1.8181e-01	1.8759e-01	1.9426e-01	2.1210e-01
1.000000e+00	3.1623e+01	3.1623e+01	3.1623e+01	3.1623e+01	3.1623e+01	3.1623e+01	3.1623e+01	3.1623e+01	3.1623e+01	3.1623e+01	3.1623e+01	3.1623e+01	3.1623e+01	3.1623e+01	3.1623e+01	3.1623e+01	3.1623e+01	3.1623e+01
