1.000000e-05	1.258954e-03	1.258960e-03	1.258981e-03	1.995387e-03	3.162384e-03
1.023293e-05	1.258955e-03	1.258962e-03	1.258983e-03	1.995389e-03	3.162386e-03
1.047129e-05	1.258956e-03	1.258963e-03	1.258985e-03	1.995391e-03	3.162388e-03
1.071519e-05	1.258958e-03	1.258965e-03	1.258987e-03	1.995394e-03	3.162390e-03
1.096478e-05	1.258959e-03	1.258966e-03	1.258989e-03	1.995396e-03	3.162392e-03
1.122018e-05	1.258960e-03	1.258968e-03	1.258991e-03	1.995398e-03	3.162395e-03
1.148154e-05	1.258962e-03	1.258969e-03	1.258993e-03	1.995400e-03	3.162397e-03
1.174898e-05	1.258963e-03	1.258971e-03	1.258995e-03	1.995403e-03	3.162399e-03
1.202264e-05	1.258965e-03	1.258973e-03	1.258997e-03	1.995405e-03	3.162401e-03
1.230269e-05	1.258966e-03	1.258974e-03	1.258999e-03	1.995407e-03	3.162404e-03
1.258925e-05	1.258968e-03	1.258976e-03	1.259002e-03	1.995410e-03	3.162406e-03
1.288250e-05	1.258969e-03	1.258978e-03	1.259004e-03	1.995412e-03	3.162409e-03
1.318257e-05	1.258971e-03	1.258980e-03	1.259006e-03	1.995415e-03	3.162411e-03
1.348963e-05	1.258973e-03	1.258982e-03	1.259009e-03	1.995418e-03	3.162414e-03
1.380384e-05	1.258974e-03	1.258983e-03	1.259011e-03	1.995421e-03	3.162416e-03
1.412538e-05	1.258976e-03	1.258985e-03	1.259014e-03	1.995423e-03	3.162419e-03
1.445440e-05	1.258978e-03	1.258987e-03	1.259017e-03	1.995426e-03	3.162422e-03
1.479108e-05	1.258979e-03	1.258989e-03	1.259019e-03	1.995429e-03	3.162425e-03
1.513561e-05	1.258981e-03	1.258991e-03	1.259022e-03	1.995432e-03	3.162428e-03
1.548817e-05	1.258983e-03	1.258994e-03	1.259025e-03	1.995435e-03	3.162431e-03
1.584893e-05	1.258985e-03	1.258996e-03	1.259028e-03	1.995438e-03	3.162434e-03
1.621810e-05	1.258987e-03	1.258998e-03	1.259031e-03	1.995442e-03	3.162437e-03
1.659587e-05	1.258989e-03	1.259000e-03	1.259034e-03	1.995445e-03	3.162440e-03
1.698244e-05	1.258991e-03	1.259003e-03	1.259037e-03	1.995448e-03	3.162443e-03
1.737801e-05	1.258993e-03	1.259005e-03	1.259040e-03	1.995452e-03	3.162447e-03
1.778279e-05	1.258996e-03	1.259008e-03	1.259044e-03	1.995455e-03	3.162450e-03
1.819701e-05	1.258998e-03	1.259010e-03	1.259047e-03	1.995459e-03	3.162453e-03
1.862087e-05	1.259000e-03	1.259013e-03	1.259050e-03	1.995463e-03	3.162457e-03
1.905461e-05	1.259002e-03	1.259015e-03	1.259054e-03	1.995466e-03	3.162461e-03
1.949845e-05	1.259005e-03	1.259018e-03	1.259057e-03	1.995470e-03	3.162464e-03
1.995262e-05	1.259007e-03	1.259021e-03	1.259061e-03	1.995474e-03	3.162468e-03
2.041738e-05	1.259010e-03	1.259023e-03	1.259065e-03	1.995478e-03	3.162472e-03
2.089296e-05	1.259012e-03	1.259026e-03	1.259069e-03	1.995482e-03	3.162476e-03
2.137962e-05	1.259015e-03	1.259029e-03	1.259073e-03	1.995487e-03	3.162480e-03
2.187762e-05	1.259018e-03	1.259032e-03	1.259077e-03	1.995491e-03	3.162485e-03
2.238721e-05	1.259020e-03	1.259035e-03	1.259081e-03	1.995495e-03	3.162489e-03
2.290868e-05	1.259023e-03	1.259038e-03	1.259085e-03	1.995500e-03	3.162493e-03
2.344229e-05	1.259026e-03	1.259042e-03	1.259089e-03	1.995505e-03	3.162498e-03
2.398833e-05	1.259029e-03	1.259045e-03	1.259094e-03	1.995509e-03	3.162502e-03
2.454709e-05	1.259032e-03	1.259048e-03	1.259098e-03	1.995514e-03	3.162507e-03
2.511886e-05	1.259035e-03	1.259052e-03	1.259103e-03	1.995519e-03	3.162512e-03
2.570396e-05	1.259038e-03	1.259055e-03	1.259108e-03	1.995524e-03	3.162517e-03
2.630268e-05	1.259041e-03	1.259059e-03	1.259112e-03	1.995530e-03	3.162522e-03
2.691535e-05	1.259045e-03	1.259063e-03	1.259117e-03	1.995535e-03	3.162527e-03
2.754229e-05	1.259048e-03	1.259067e-03	1.259122e-03	1.995540e-03	3.162532e-03
2.818383e-05	1.259051e-03	1.259070e-03	1.259128e-03	1.995546e-03	3.162538e-03
2.884032e-05	1.259055e-03	1.259074e-03	1.259133e-03	1.995552e-03	3.162543e-03
2.951209e-05	1.259059e-03	1.259078e-03	1.259138e-03	1.995558e-03	3.162549e-03
3.019952e-05	1.259062e-03	1.259083e-03	1.259144e-03	1.995564e-03	3.162555e-03
3.090295e-05	1.259066e-03	1.259087e-03	1.259150e-03	1.995570e-03	3.162561e-03
3.162278e-05	1.259070e-03	1.259091e-03	1.259155e-03	1.995576e-03	3.162567e-03
3.235937e-05	1.259074e-03	1.259096e-03	1.259161e-03	1.995583e-03	3.162573e-03
3.311311e-05	1.259078e-03	1.259100e-03	1.259167e-03	1.995589e-03	3.162579e-03
3.388442e-05	1.259082e-03	1.259105e-03	1.259174e-03	1.995596e-03	3.162586e-03
3.467369e-05	1.259086e-03	1.259110e-03	1.259180e-03	1.995603e-03	3.162592e-03
3.548134e-05	1.259091e-03	1.259114e-03	1.259186e-03	1.995610e-03	3.162599e-03
3.630781e-05	1.259095e-03	1.259119e-03	1.259193e-03	1.995617e-03	3.162606e-03
3.715352e-05	1.259100e-03	1.259125e-03	1.259200e-03	1.995624e-03	3.162613e-03
3.801894e-05	1.259104e-03	1.259130e-03	1.259207e-03	1.995632e-03	3.162621e-03
3.890451e-05	1.259109e-03	1.259135e-03	1.259214e-03	1.995640e-03	3.162628e-03
3.981072e-05	1.259114e-03	1.259141e-03	1.259221e-03	1.995648e-03	3.162636e-03
4.073803e-05	1.259119e-03	1.259146e-03	1.259229e-03	1.995656e-03	3.162644e-03
4.168694e-05	1.259124e-03	1.259152e-03	1.259237e-03	1.995664e-03	3.162652e-03
4.265795e-05	1.259129e-03	1.259158e-03	1.259244e-03	1.995672e-03	3.162660e-03
4.365158e-05	1.259135e-03	1.259164e-03	1.259252e-03	1.995681e-03	3.162668e-03
4.466836e-05	1.259140e-03	1.259170e-03	1.259261e-03	1.995690e-03	3.162677e-03
4.570882e-05	1.259146e-03	1.259176e-03	1.259269e-03	1.995699e-03	3.162686e-03
4.677351e-05	1.259151e-03	1.259183e-03	1.259278e-03	1.995708e-03	3.162695e-03
4.786301e-05	1.259157e-03	1.259189e-03	1.259286e-03	1.995718e-03	3.162704e-03
4.897788e-05	1.259163e-03	1.259196e-03	1.259295e-03	1.995728e-03	3.162713e-03
5.011872e-05	1.259169e-03	1.259203e-03	1.259305e-03	1.995738e-03	3.162723e-03
5.128614e-05	1.259176e-03	1.259210e-03	1.259314e-03	1.995748e-03	3.162733e-03
5.248075e-05	1.259182e-03	1.259217e-03	1.259324e-03	1.995758e-03	3.162743e-03
5.370318e-05	1.259189e-03	1.259225e-03	1.259334e-03	1.995769e-03	3.162753e-03
5.495409e-05	1.259195e-03	1.259232e-03	1.259344e-03	1.995780e-03	3.162764e-03
5.623413e-05	1.259202e-03	1.259240e-03	1.259354e-03	1.995791e-03	3.162774e-03
5.754399e-05	1.259209e-03	1.259248e-03	1.259365e-03	1.995802e-03	3.162785e-03
5.888437e-05	1.259216e-03	1.259256e-03	1.259375e-03	1.995814e-03	3.162797e-03
6.025596e-05	1.259224e-03	1.259264e-03	1.259387e-03	1.995826e-03	3.162808e-03
6.165950e-05	1.259231e-03	1.259273e-03	1.259398e-03	1.995838e-03	3.162820e-03
6.309573e-05	1.259239e-03	1.259281e-03	1.259409e-03	1.995851e-03	3.162832e-03
6.456542e-05	1.259247e-03	1.259290e-03	1.259421e-03	1.995864e-03	3.162845e-03
6.606934e-05	1.259255e-03	1.259299e-03	1.259433e-03	1.995877e-03	3.162857e-03
6.760830e-05	1.259263e-03	1.259309e-03	1.259446e-03	1.995890e-03	3.162870e-03
6.918310e-05	1.259272e-03	1.259318e-03	1.259459e-03	1.995904e-03	3.162884e-03
7.079458e-05	1.259281e-03	1.259328e-03	1.259472e-03	1.995918e-03	3.162897e-03
7.244360e-05	1.259289e-03	1.259338e-03	1.259485e-03	1.995933e-03	3.162911e-03
7.413102e-05	1.259298e-03	1.259348e-03	1.259499e-03	1.995947e-03	3.162925e-03
7.585776e-05	1.259308e-03	1.259359e-03	1.259512e-03	1.995962e-03	3.162940e-03
7.762471e-05	1.259317e-03	1.259369e-03	1.259527e-03	1.995978e-03	3.162955e-03
7.943282e-05	1.259327e-03	1.259380e-03	1.259541e-03	1.995994e-03	3.162970e-03
8.128305e-05	1.259337e-03	1.259391e-03	1.259556e-03	1.996010e-03	3.162986e-03
8.317638e-05	1.259347e-03	1.259403e-03	1.259572e-03	1.996026e-03	3.163002e-03
8.511380e-05	1.259357e-03	1.259415e-03	1.259587e-03	1.996043e-03	3.163018e-03
8.709636e-05	1.259368e-03	1.259427e-03	1.259603e-03	1.996061e-03	3.163035e-03
8.912509e-05	1.259379e-03	1.259439e-03	1.259620e-03	1.996078e-03	3.163052e-03
9.120108e-05	1.259390e-03	1.259451e-03	1.259636e-03	1.996096e-03	3.163069e-03
9.332543e-05	1.259402e-03	1.259464e-03	1.259654e-03	1.996115e-03	3.163087e-03
9.549926e-05	1.259413e-03	1.259477e-03	1.259671e-03	1.996134e-03	3.163105e-03
9.772372e-05	1.259425e-03	1.259491e-03	1.259689e-03	1.996153e-03	3.163124e-03
1.000000e-04	1.259437e-03	1.259505e-03	1.259707e-03	1.996173e-03	3.163143e-03
1.023293e-04	1.259450e-03	1.259519e-03	1.259726e-03	1.996194e-03	3.163163e-03
1.047129e-04	1.259463e-03	1.259533e-03	1.259745e-03	1.996214e-03	3.163183e-03
1.071519e-04	1.259476e-03	1.259548e-03	1.259765e-03	1.996236e-03	3.163204e-03
1.096478e-04	1.259489e-03	1.259563e-03	1.259785e-03	1.996257e-03	3.163225e-03
1.122018e-04	1.259503e-03	1.259578e-03	1.259806e-03	1.996280e-03	3.163246e-03
1.148154e-04	1.259517e-03	1.259594e-03	1.259827e-03	1.996303e-03	3.163268e-03
1.174898e-04	1.259531e-03	1.259610e-03	1.259849e-03	1.996326e-03	3.163291e-03
1.202264e-04	1.259546e-03	1.259627e-03	1.259871e-03	1.996350e-03	3.163314e-03
1.230269e-04	1.259561e-03	1.259644e-03	1.259893e-03	1.996374e-03	3.163338e-03
1.258925e-04	1.259577e-03	1.259661e-03	1.259916e-03	1.996399e-03	3.163362e-03
1.288250e-04	1.259592e-03	1.259679e-03	1.259940e-03	1.996425e-03	3.163387e-03
1.318257e-04	1.259609e-03	1.259697e-03	1.259964e-03	1.996451e-03	3.163412e-03
1.348963e-04	1.259625e-03	1.259715e-03	1.259989e-03	1.996478e-03	3.163438e-03
1.380384e-04	1.259642e-03	1.259734e-03	1.260015e-03	1.996505e-03	3.163464e-03
1.412538e-04	1.259659e-03	1.259754e-03	1.260041e-03	1.996533e-03	3.163491e-03
1.445440e-04	1.259677e-03	1.259774e-03	1.260067e-03	1.996562e-03	3.163519e-03
1.479108e-04	1.259695e-03	1.259794e-03	1.260094e-03	1.996592e-03	3.163548e-03
1.513561e-04	1.259714e-03	1.259815e-03	1.260122e-03	1.996622e-03	3.163577e-03
1.548817e-04	1.259732e-03	1.259836e-03	1.260151e-03	1.996652e-03	3.163606e-03
1.584893e-04	1.259752e-03	1.259858e-03	1.260180e-03	1.996684e-03	3.163637e-03
1.621810e-04	1.259772e-03	1.259880e-03	1.260209e-03	1.996716e-03	3.163668e-03
1.659587e-04	1.259792e-03	1.259903e-03	1.260240e-03	1.996749e-03	3.163700e-03
1.698244e-04	1.259813e-03	1.259927e-03	1.260271e-03	1.996783e-03	3.163732e-03
1.737801e-04	1.259834e-03	1.259951e-03	1.260303e-03	1.996817e-03	3.163766e-03
1.778279e-04	1.259856e-03	1.259975e-03	1.260336e-03	1.996853e-03	3.163800e-03
1.819701e-04	1.259878e-03	1.260000e-03	1.260369e-03	1.996889e-03	3.163835e-03
1.862087e-04	1.259901e-03	1.260026e-03	1.260403e-03	1.996926e-03	3.163871e-03
1.905461e-04	1.259924e-03	1.260052e-03	1.260438e-03	1.996964e-03	3.163907e-03
1.949845e-04	1.259948e-03	1.260079e-03	1.260474e-03	1.997003e-03	3.163945e-03
1.995262e-04	1.259972e-03	1.260106e-03	1.260511e-03	1.997042e-03	3.163983e-03
2.041738e-04	1.259997e-03	1.260134e-03	1.260549e-03	1.997083e-03	3.164022e-03
2.089296e-04	1.260023e-03	1.260163e-03	1.260587e-03	1.997124e-03	3.164062e-03
2.137962e-04	1.260049e-03	1.260192e-03	1.260626e-03	1.997167e-03	3.164103e-03
2.187762e-04	1.260076e-03	1.260223e-03	1.260666e-03	1.997210e-03	3.164145e-03
2.238721e-04	1.260103e-03	1.260253e-03	1.260708e-03	1.997255e-03	3.164188e-03
2.290868e-04	1.260131e-03	1.260285e-03	1.260750e-03	1.997300e-03	3.164232e-03
2.344229e-04	1.260160e-03	1.260317e-03	1.260793e-03	1.997347e-03	3.164277e-03
2.398833e-04	1.260189e-03	1.260350e-03	1.260837e-03	1.997395e-03	3.164323e-03
2.454709e-04	1.260219e-03	1.260384e-03	1.260882e-03	1.997443e-03	3.164370e-03
2.511886e-04	1.260250e-03	1.260419e-03	1.260928e-03	1.997493e-03	3.164419e-03
2.570396e-04	1.260282e-03	1.260454e-03	1.260975e-03	1.997544e-03	3.164468e-03
2.630268e-04	1.260314e-03	1.260490e-03	1.261024e-03	1.997597e-03	3.164519e-03
2.691535e-04	1.260347e-03	1.260527e-03	1.261073e-03	1.997650e-03	3.164570e-03
2.754229e-04	1.260380e-03	1.260565e-03	1.261124e-03	1.997705e-03	3.164623e-03
2.818383e-04	1.260415e-03	1.260604e-03	1.261176e-03	1.997761e-03	3.164677e-03
2.884032e-04	1.260450e-03	1.260643e-03	1.261229e-03	1.997818e-03	3.164733e-03
2.951209e-04	1.260486e-03	1.260684e-03	1.261283e-03	1.997877e-03	3.164789e-03
3.019952e-04	1.260523e-03	1.260726e-03	1.261338e-03	1.997937e-03	3.164847e-03
3.090295e-04	1.260561e-03	1.260768e-03	1.261395e-03	1.997998e-03	3.164907e-03
3.162278e-04	1.260600e-03	1.260812e-03	1.261453e-03	1.998061e-03	3.164967e-03
3.235937e-04	1.260639e-03	1.260856e-03	1.261513e-03	1.998126e-03	3.165029e-03
3.311311e-04	1.260680e-03	1.260902e-03	1.261574e-03	1.998191e-03	3.165093e-03
3.388442e-04	1.260721e-03	1.260948e-03	1.261636e-03	1.998259e-03	3.165158e-03
3.467369e-04	1.260764e-03	1.260996e-03	1.261700e-03	1.998328e-03	3.165225e-03
3.548134e-04	1.260807e-03	1.261045e-03	1.261765e-03	1.998398e-03	3.165293e-03
3.630781e-04	1.260851e-03	1.261095e-03	1.261832e-03	1.998470e-03	3.165362e-03
3.715352e-04	1.260897e-03	1.261146e-03	1.261900e-03	1.998544e-03	3.165434e-03
3.801894e-04	1.260943e-03	1.261198e-03	1.261970e-03	1.998620e-03	3.165507e-03
3.890451e-04	1.260991e-03	1.261252e-03	1.262041e-03	1.998697e-03	3.165581e-03
3.981072e-04	1.261040e-03	1.261307e-03	1.262114e-03	1.998776e-03	3.165658e-03
4.073803e-04	1.261090e-03	1.261363e-03	1.262189e-03	1.998857e-03	3.165736e-03
4.168694e-04	1.261141e-03	1.261420e-03	1.262266e-03	1.998940e-03	3.165816e-03
4.265795e-04	1.261193e-03	1.261479e-03	1.262344e-03	1.999025e-03	3.165898e-03
4.365158e-04	1.261246e-03	1.261539e-03	1.262424e-03	1.999112e-03	3.165982e-03
4.466836e-04	1.261301e-03	1.261600e-03	1.262507e-03	1.999200e-03	3.166068e-03
4.570882e-04	1.261357e-03	1.261663e-03	1.262591e-03	1.999291e-03	3.166155e-03
4.677351e-04	1.261414e-03	1.261728e-03	1.262677e-03	1.999384e-03	3.166245e-03
4.786301e-04	1.261473e-03	1.261793e-03	1.262765e-03	1.999479e-03	3.166337e-03
4.897788e-04	1.261532e-03	1.261861e-03	1.262855e-03	1.999577e-03	3.166431e-03
5.011872e-04	1.261594e-03	1.261930e-03	1.262947e-03	1.999676e-03	3.166527e-03
5.128614e-04	1.261657e-03	1.262000e-03	1.263041e-03	1.999778e-03	3.166626e-03
5.248075e-04	1.261721e-03	1.262073e-03	1.263137e-03	1.999882e-03	3.166727e-03
5.370318e-04	1.261786e-03	1.262147e-03	1.263236e-03	1.999989e-03	3.166830e-03
5.495409e-04	1.261854e-03	1.262222e-03	1.263337e-03	2.000098e-03	3.166935e-03
5.623413e-04	1.261922e-03	1.262300e-03	1.263440e-03	2.000210e-03	3.167043e-03
5.754399e-04	1.261993e-03	1.262379e-03	1.263546e-03	2.000325e-03	3.167154e-03
5.888437e-04	1.262065e-03	1.262460e-03	1.263654e-03	2.000442e-03	3.167267e-03
6.025596e-04	1.262139e-03	1.262543e-03	1.263765e-03	2.000561e-03	3.167382e-03
6.165950e-04	1.262214e-03	1.262628e-03	1.263878e-03	2.000684e-03	3.167501e-03
6.309573e-04	1.262291e-03	1.262714e-03	1.263994e-03	2.000809e-03	3.167622e-03
6.456542e-04	1.262370e-03	1.262803e-03	1.264113e-03	2.000938e-03	3.167746e-03
6.606934e-04	1.262451e-03	1.262894e-03	1.264235e-03	2.001069e-03	3.167873e-03
6.760830e-04	1.262534e-03	1.262987e-03	1.264359e-03	2.001203e-03	3.168002e-03
6.918310e-04	1.262618e-03	1.263082e-03	1.264486e-03	2.001341e-03	3.168135e-03
7.079458e-04	1.262705e-03	1.263180e-03	1.264616e-03	2.001482e-03	3.168271e-03
7.244360e-04	1.262794e-03	1.263279e-03	1.264749e-03	2.001626e-03	3.168410e-03
7.413102e-04	1.262884e-03	1.263381e-03	1.264885e-03	2.001773e-03	3.168553e-03
7.585776e-04	1.262977e-03	1.263486e-03	1.265025e-03	2.001924e-03	3.168698e-03
7.762471e-04	1.263072e-03	1.263593e-03	1.265168e-03	2.002078e-03	3.168847e-03
7.943282e-04	1.263169e-03	1.263702e-03	1.265314e-03	2.002236e-03	3.169000e-03
8.128305e-04	1.263269e-03	1.263814e-03	1.265463e-03	2.002397e-03	3.169156e-03
8.317638e-04	1.263371e-03	1.263928e-03	1.265616e-03	2.002563e-03	3.169316e-03
8.511380e-04	1.263475e-03	1.264045e-03	1.265772e-03	2.002732e-03	3.169479e-03
8.709636e-04	1.263581e-03	1.264165e-03	1.265932e-03	2.002905e-03	3.169646e-03
8.912509e-04	1.263690e-03	1.264288e-03	1.266096e-03	2.003082e-03	3.169817e-03
9.120108e-04	1.263802e-03	1.264413e-03	1.266264e-03	2.003263e-03	3.169992e-03
9.332543e-04	1.263916e-03	1.264542e-03	1.266435e-03	2.003449e-03	3.170172e-03
9.549926e-04	1.264033e-03	1.264673e-03	1.266611e-03	2.003639e-03	3.170355e-03
9.772372e-04	1.264152e-03	1.264808e-03	1.266790e-03	2.003833e-03	3.170543e-03
1.000000e-03	1.264275e-03	1.264945e-03	1.266974e-03	2.004032e-03	3.170735e-03
1.023293e-03	1.264400e-03	1.265086e-03	1.267162e-03	2.004235e-03	3.170931e-03
1.047129e-03	1.264528e-03	1.265230e-03	1.267355e-03	2.004443e-03	3.171132e-03
1.071519e-03	1.264659e-03	1.265378e-03	1.267552e-03	2.004656e-03	3.171338e-03
1.096478e-03	1.264793e-03	1.265529e-03	1.267753e-03	2.004874e-03	3.171548e-03
1.122018e-03	1.264931e-03	1.265683e-03	1.267959e-03	2.005097e-03	3.171764e-03
1.148154e-03	1.265071e-03	1.265841e-03	1.268170e-03	2.005325e-03	3.171984e-03
1.174898e-03	1.265215e-03	1.266003e-03	1.268386e-03	2.005559e-03	3.172210e-03
1.202264e-03	1.265362e-03	1.266168e-03	1.268607e-03	2.005798e-03	3.172441e-03
1.230269e-03	1.265512e-03	1.266337e-03	1.268833e-03	2.006042e-03	3.172677e-03
1.258925e-03	1.265666e-03	1.266511e-03	1.269065e-03	2.006293e-03	3.172918e-03
1.288250e-03	1.265824e-03	1.266688e-03	1.269302e-03	2.006549e-03	3.173166e-03
1.318257e-03	1.265985e-03	1.266869e-03	1.269544e-03	2.006811e-03	3.173419e-03
1.348963e-03	1.266150e-03	1.267055e-03	1.269792e-03	2.007079e-03	3.173678e-03
1.380384e-03	1.266319e-03	1.267245e-03	1.270045e-03	2.007353e-03	3.173943e-03
1.412538e-03	1.266492e-03	1.267439e-03	1.270305e-03	2.007634e-03	3.174214e-03
1.445440e-03	1.266669e-03	1.267638e-03	1.270571e-03	2.007921e-03	3.174492e-03
1.479108e-03	1.266850e-03	1.267842e-03	1.270843e-03	2.008215e-03	3.174776e-03
1.513561e-03	1.267035e-03	1.268050e-03	1.271121e-03	2.008516e-03	3.175066e-03
1.548817e-03	1.267225e-03	1.268263e-03	1.271405e-03	2.008824e-03	3.175364e-03
1.584893e-03	1.267418e-03	1.268481e-03	1.271697e-03	2.009139e-03	3.175668e-03
1.621810e-03	1.267617e-03	1.268704e-03	1.271995e-03	2.009461e-03	3.175979e-03
1.659587e-03	1.267820e-03	1.268933e-03	1.272300e-03	2.009791e-03	3.176298e-03
1.698244e-03	1.268028e-03	1.269166e-03	1.272612e-03	2.010129e-03	3.176624e-03
1.737801e-03	1.268240e-03	1.269406e-03	1.272931e-03	2.010474e-03	3.176958e-03
1.778279e-03	1.268458e-03	1.269650e-03	1.273258e-03	2.010827e-03	3.177299e-03
1.819701e-03	1.268680e-03	1.269901e-03	1.273593e-03	2.011189e-03	3.177648e-03
1.862087e-03	1.268908e-03	1.270157e-03	1.273935e-03	2.011559e-03	3.178006e-03
1.905461e-03	1.269141e-03	1.270419e-03	1.274285e-03	2.011938e-03	3.178372e-03
1.949845e-03	1.269380e-03	1.270687e-03	1.274643e-03	2.012326e-03	3.178746e-03
1.995262e-03	1.269624e-03	1.270962e-03	1.275010e-03	2.012722e-03	3.179129e-03
2.041738e-03	1.269874e-03	1.271243e-03	1.275385e-03	2.013128e-03	3.179521e-03
2.089296e-03	1.270129e-03	1.271531e-03	1.275769e-03	2.013543e-03	3.179922e-03
2.137962e-03	1.270391e-03	1.271825e-03	1.276162e-03	2.013968e-03	3.180333e-03
2.187762e-03	1.270659e-03	1.272126e-03	1.276564e-03	2.014403e-03	3.180753e-03
2.238721e-03	1.270933e-03	1.272434e-03	1.276976e-03	2.014848e-03	3.181183e-03
2.290868e-03	1.271213e-03	1.272749e-03	1.277397e-03	2.015303e-03	3.181622e-03
2.344229e-03	1.271500e-03	1.273072e-03	1.277828e-03	2.015769e-03	3.182072e-03
2.398833e-03	1.271793e-03	1.273402e-03	1.278269e-03	2.016246e-03	3.182533e-03
2.454709e-03	1.272093e-03	1.273740e-03	1.278720e-03	2.016734e-03	3.183004e-03
2.511886e-03	1.272401e-03	1.274085e-03	1.279181e-03	2.017233e-03	3.183487e-03
2.570396e-03	1.272715e-03	1.274439e-03	1.279654e-03	2.017744e-03	3.183980e-03
2.630268e-03	1.273037e-03	1.274801e-03	1.280137e-03	2.018267e-03	3.184485e-03
2.691535e-03	1.273366e-03	1.275171e-03	1.280632e-03	2.018802e-03	3.185002e-03
2.754229e-03	1.273703e-03	1.275550e-03	1.281138e-03	2.019349e-03	3.185531e-03
2.818383e-03	1.274048e-03	1.275938e-03	1.281656e-03	2.019909e-03	3.186072e-03
2.884032e-03	1.274401e-03	1.276335e-03	1.282186e-03	2.020483e-03	3.186625e-03
2.951209e-03	1.274762e-03	1.276741e-03	1.282729e-03	2.021069e-03	3.187192e-03
3.019952e-03	1.275132e-03	1.277157e-03	1.283284e-03	2.021669e-03	3.187772e-03
3.090295e-03	1.275510e-03	1.277582e-03	1.283852e-03	2.022284e-03	3.188365e-03
3.162278e-03	1.275897e-03	1.278017e-03	1.284433e-03	2.022912e-03	3.188972e-03
3.235937e-03	1.276292e-03	1.278462e-03	1.285027e-03	2.023555e-03	3.189594e-03
3.311311e-03	1.276698e-03	1.278918e-03	1.285636e-03	2.024213e-03	3.190229e-03
3.388442e-03	1.277112e-03	1.279384e-03	1.286259e-03	2.024887e-03	3.190880e-03
3.467369e-03	1.277536e-03	1.279861e-03	1.286896e-03	2.025576e-03	3.191546e-03
3.548134e-03	1.277970e-03	1.280350e-03	1.287548e-03	2.026281e-03	3.192227e-03
3.630781e-03	1.278415e-03	1.280849e-03	1.288216e-03	2.027003e-03	3.192924e-03
3.715352e-03	1.278869e-03	1.281361e-03	1.288898e-03	2.027741e-03	3.193637e-03
3.801894e-03	1.279334e-03	1.281884e-03	1.289597e-03	2.028497e-03	3.194367e-03
3.890451e-03	1.279810e-03	1.282419e-03	1.290312e-03	2.029270e-03	3.195114e-03
3.981072e-03	1.280297e-03	1.282967e-03	1.291044e-03	2.030062e-03	3.195878e-03
4.073803e-03	1.280796e-03	1.283528e-03	1.291793e-03	2.030871e-03	3.196661e-03
4.168694e-03	1.281306e-03	1.284101e-03	1.292559e-03	2.031700e-03	3.197461e-03
4.265795e-03	1.281828e-03	1.284688e-03	1.293343e-03	2.032548e-03	3.198280e-03
4.365158e-03	1.282362e-03	1.285289e-03	1.294145e-03	2.033415e-03	3.199118e-03
4.466836e-03	1.282908e-03	1.285904e-03	1.294966e-03	2.034303e-03	3.199976e-03
4.570882e-03	1.283467e-03	1.286533e-03	1.295806e-03	2.035212e-03	3.200853e-03
4.677351e-03	1.284040e-03	1.287176e-03	1.296666e-03	2.036141e-03	3.201751e-03
4.786301e-03	1.284625e-03	1.287835e-03	1.297545e-03	2.037093e-03	3.202670e-03
4.897788e-03	1.285224e-03	1.288509e-03	1.298446e-03	2.038066e-03	3.203611e-03
5.011872e-03	1.285838e-03	1.289198e-03	1.299367e-03	2.039062e-03	3.204573e-03
5.128614e-03	1.286465e-03	1.289904e-03	1.300309e-03	2.040082e-03	3.205557e-03
5.248075e-03	1.287107e-03	1.290626e-03	1.301274e-03	2.041125e-03	3.206565e-03
5.370318e-03	1.287764e-03	1.291365e-03	1.302261e-03	2.042192e-03	3.207596e-03
5.495409e-03	1.288437e-03	1.292122e-03	1.303271e-03	2.043284e-03	3.208651e-03
5.623413e-03	1.289125e-03	1.292895e-03	1.304304e-03	2.044402e-03	3.209731e-03
5.754399e-03	1.289829e-03	1.293687e-03	1.305362e-03	2.045546e-03	3.210836e-03
5.888437e-03	1.290549e-03	1.294498e-03	1.306444e-03	2.046716e-03	3.211966e-03
6.025596e-03	1.291286e-03	1.295327e-03	1.307552e-03	2.047914e-03	3.213123e-03
6.165950e-03	1.292041e-03	1.296175e-03	1.308685e-03	2.049139e-03	3.214307e-03
6.309573e-03	1.292812e-03	1.297044e-03	1.309845e-03	2.050393e-03	3.215518e-03
6.456542e-03	1.293602e-03	1.297932e-03	1.311031e-03	2.051677e-03	3.216758e-03
6.606934e-03	1.294411e-03	1.298841e-03	1.312245e-03	2.052990e-03	3.218026e-03
6.760830e-03	1.295238e-03	1.299772e-03	1.313488e-03	2.054334e-03	3.219324e-03
6.918310e-03	1.296084e-03	1.300724e-03	1.314760e-03	2.055709e-03	3.220653e-03
7.079458e-03	1.296950e-03	1.301698e-03	1.316061e-03	2.057116e-03	3.222012e-03
7.244360e-03	1.297837e-03	1.302695e-03	1.317392e-03	2.058556e-03	3.223403e-03
7.413102e-03	1.298744e-03	1.303715e-03	1.318755e-03	2.060029e-03	3.224826e-03
7.585776e-03	1.299672e-03	1.304759e-03	1.320149e-03	2.061537e-03	3.226282e-03
7.762471e-03	1.300621e-03	1.305827e-03	1.321575e-03	2.063080e-03	3.227773e-03
7.943282e-03	1.301593e-03	1.306920e-03	1.323035e-03	2.064659e-03	3.229298e-03
8.128305e-03	1.302588e-03	1.308038e-03	1.324529e-03	2.066274e-03	3.230858e-03
8.317638e-03	1.303605e-03	1.309183e-03	1.326058e-03	2.067927e-03	3.232455e-03
8.511380e-03	1.304647e-03	1.310354e-03	1.327622e-03	2.069619e-03	3.234089e-03
8.709636e-03	1.305712e-03	1.311553e-03	1.329223e-03	2.071350e-03	3.235762e-03
8.912509e-03	1.306803e-03	1.312779e-03	1.330861e-03	2.073122e-03	3.237473e-03
9.120108e-03	1.307918e-03	1.314034e-03	1.332537e-03	2.074934e-03	3.239224e-03
9.332543e-03	1.309060e-03	1.315318e-03	1.334252e-03	2.076789e-03	3.241016e-03
9.549926e-03	1.310229e-03	1.316633e-03	1.336008e-03	2.078687e-03	3.242849e-03
9.772372e-03	1.311424e-03	1.317977e-03	1.337804e-03	2.080630e-03	3.244725e-03
1.000000e-02	1.312648e-03	1.319353e-03	1.339642e-03	2.082617e-03	3.246645e-03
1.023293e-02	1.313900e-03	1.320762e-03	1.341522e-03	2.084651e-03	3.248610e-03
1.047129e-02	1.315181e-03	1.322202e-03	1.343447e-03	2.086732e-03	3.250620e-03
1.071519e-02	1.316492e-03	1.323677e-03	1.345416e-03	2.088862e-03	3.252678e-03
1.096478e-02	1.317833e-03	1.325186e-03	1.347431e-03	2.091041e-03	3.254783e-03
1.122018e-02	1.319206e-03	1.326730e-03	1.349494e-03	2.093272e-03	3.256937e-03
1.148154e-02	1.320611e-03	1.328310e-03	1.351604e-03	2.095554e-03	3.259141e-03
1.174898e-02	1.322048e-03	1.329927e-03	1.353763e-03	2.097889e-03	3.261397e-03
1.202264e-02	1.323519e-03	1.331581e-03	1.355973e-03	2.100278e-03	3.263705e-03
1.230269e-02	1.325024e-03	1.333274e-03	1.358234e-03	2.102724e-03	3.266067e-03
1.258925e-02	1.326564e-03	1.335006e-03	1.360548e-03	2.105226e-03	3.268484e-03
1.288250e-02	1.328140e-03	1.336779e-03	1.362915e-03	2.107786e-03	3.270958e-03
1.318257e-02	1.329753e-03	1.338593e-03	1.365338e-03	2.110407e-03	3.273489e-03
1.348963e-02	1.331404e-03	1.340449e-03	1.367817e-03	2.113088e-03	3.276079e-03
1.380384e-02	1.333092e-03	1.342349e-03	1.370354e-03	2.115831e-03	3.278729e-03
1.412538e-02	1.334821e-03	1.344293e-03	1.372951e-03	2.118639e-03	3.281441e-03
1.445440e-02	1.336589e-03	1.346282e-03	1.375607e-03	2.121512e-03	3.284216e-03
1.479108e-02	1.338399e-03	1.348317e-03	1.378326e-03	2.124452e-03	3.287056e-03
1.513561e-02	1.340250e-03	1.350400e-03	1.381107e-03	2.127460e-03	3.289962e-03
1.548817e-02	1.342145e-03	1.352531e-03	1.383954e-03	2.130538e-03	3.292935e-03
1.584893e-02	1.344084e-03	1.354712e-03	1.386867e-03	2.133689e-03	3.295978e-03
1.621810e-02	1.346069e-03	1.356944e-03	1.389848e-03	2.136912e-03	3.299092e-03
1.659587e-02	1.348099e-03	1.359228e-03	1.392898e-03	2.140211e-03	3.302278e-03
1.698244e-02	1.350177e-03	1.361565e-03	1.396019e-03	2.143586e-03	3.305539e-03
1.737801e-02	1.352303e-03	1.363956e-03	1.399213e-03	2.147040e-03	3.308875e-03
1.778279e-02	1.354478e-03	1.366403e-03	1.402481e-03	2.150574e-03	3.312289e-03
1.819701e-02	1.356705e-03	1.368907e-03	1.405826e-03	2.154191e-03	3.315783e-03
1.862087e-02	1.358983e-03	1.371469e-03	1.409248e-03	2.157892e-03	3.319358e-03
1.905461e-02	1.361314e-03	1.374092e-03	1.412750e-03	2.161680e-03	3.323017e-03
1.949845e-02	1.363700e-03	1.376775e-03	1.416334e-03	2.165555e-03	3.326760e-03
1.995262e-02	1.366141e-03	1.379520e-03	1.420001e-03	2.169521e-03	3.330591e-03
2.041738e-02	1.368639e-03	1.382330e-03	1.423753e-03	2.173579e-03	3.334511e-03
2.089296e-02	1.371195e-03	1.385205e-03	1.427593e-03	2.177732e-03	3.338522e-03
2.137962e-02	1.373811e-03	1.388147e-03	1.431523e-03	2.181981e-03	3.342627e-03
2.187762e-02	1.376487e-03	1.391158e-03	1.435543e-03	2.186329e-03	3.346827e-03
2.238721e-02	1.379226e-03	1.394238e-03	1.439658e-03	2.190779e-03	3.351126e-03
2.290868e-02	1.382029e-03	1.397391e-03	1.443868e-03	2.195332e-03	3.355524e-03
2.344229e-02	1.384897e-03	1.400617e-03	1.448177e-03	2.199992e-03	3.360025e-03
2.398833e-02	1.387832e-03	1.403918e-03	1.452586e-03	2.204759e-03	3.364630e-03
2.454709e-02	1.390835e-03	1.407295e-03	1.457097e-03	2.209638e-03	3.369343e-03
2.511886e-02	1.393908e-03	1.410752e-03	1.461714e-03	2.214631e-03	3.374166e-03
2.570396e-02	1.397053e-03	1.414289e-03	1.466438e-03	2.219740e-03	3.379101e-03
2.630268e-02	1.400271e-03	1.417909e-03	1.471272e-03	2.224968e-03	3.384151e-03
2.691535e-02	1.403564e-03	1.421612e-03	1.476219e-03	2.230317e-03	3.389318e-03
2.754229e-02	1.406933e-03	1.425402e-03	1.481281e-03	2.235792e-03	3.394606e-03
2.818383e-02	1.410382e-03	1.429281e-03	1.486461e-03	2.241393e-03	3.400017e-03
2.884032e-02	1.413910e-03	1.433249e-03	1.491761e-03	2.247126e-03	3.405554e-03
2.951209e-02	1.417521e-03	1.437311e-03	1.497185e-03	2.252991e-03	3.411221e-03
3.019952e-02	1.421215e-03	1.441466e-03	1.502736e-03	2.258994e-03	3.417019e-03
3.090295e-02	1.424996e-03	1.445719e-03	1.508415e-03	2.265136e-03	3.422952e-03
3.162278e-02	1.428865e-03	1.450070e-03	1.514227e-03	2.271421e-03	3.429023e-03
3.235937e-02	1.432824e-03	1.454523e-03	1.520175e-03	2.277853e-03	3.435236e-03
3.311311e-02	1.436875e-03	1.459080e-03	1.526261e-03	2.284435e-03	3.441593e-03
3.388442e-02	1.441021e-03	1.463743e-03	1.532488e-03	2.291169e-03	3.448099e-03
3.467369e-02	1.445263e-03	1.468514e-03	1.538861e-03	2.298061e-03	3.454756e-03
3.548134e-02	1.449604e-03	1.473397e-03	1.545382e-03	2.305113e-03	3.461568e-03
3.630781e-02	1.454046e-03	1.478393e-03	1.552055e-03	2.312330e-03	3.468539e-03
3.715352e-02	1.458592e-03	1.483506e-03	1.558884e-03	2.319714e-03	3.475672e-03
3.801894e-02	1.463243e-03	1.488737e-03	1.565871e-03	2.327271e-03	3.482972e-03
3.890451e-02	1.468003e-03	1.494091e-03	1.573021e-03	2.335004e-03	3.490441e-03
3.981072e-02	1.472873e-03	1.499569e-03	1.580338e-03	2.342916e-03	3.498085e-03
4.073803e-02	1.477857e-03	1.505175e-03	1.587393e-03	2.351013e-03	3.505906e-03
4.168694e-02	1.482958e-03	1.510912e-03	1.593921e-03	2.359299e-03	3.513910e-03
4.265795e-02	1.488177e-03	1.516782e-03	1.600601e-03	2.367777e-03	3.522100e-03
4.365158e-02	1.493517e-03	1.522789e-03	1.607437e-03	2.376454e-03	3.530480e-03
4.466836e-02	1.498982e-03	1.528935e-03	1.614433e-03	2.385332e-03	3.539057e-03
4.570882e-02	1.504574e-03	1.535225e-03	1.621591e-03	2.394417e-03	3.547832e-03
4.677351e-02	1.510297e-03	1.541662e-03	1.628916e-03	2.403713e-03	3.556813e-03
4.786301e-02	1.516153e-03	1.548248e-03	1.636411e-03	2.413227e-03	3.566002e-03
4.897788e-02	1.522145e-03	1.554988e-03	1.644081e-03	2.422961e-03	3.575405e-03
5.011872e-02	1.528277e-03	1.561885e-03	1.651930e-03	2.432923e-03	3.585028e-03
5.128614e-02	1.534551e-03	1.568942e-03	1.659962e-03	2.443116e-03	3.594874e-03
5.248075e-02	1.540972e-03	1.576164e-03	1.668180e-03	2.453547e-03	3.604950e-03
5.370318e-02	1.547542e-03	1.583554e-03	1.676590e-03	2.464221e-03	3.615261e-03
5.495409e-02	1.554266e-03	1.590508e-03	1.685196e-03	2.475144e-03	3.625812e-03
5.623413e-02	1.561145e-03	1.597488e-03	1.694003e-03	2.486321e-03	3.636608e-03
5.754399e-02	1.568186e-03	1.604632e-03	1.703014e-03	2.497758e-03	3.647656e-03
5.888437e-02	1.575390e-03	1.611941e-03	1.712236e-03	2.509462e-03	3.658962e-03
6.025596e-02	1.582762e-03	1.619422e-03	1.721672e-03	2.520152e-03	3.670531e-03
6.165950e-02	1.589511e-03	1.627076e-03	1.731328e-03	2.530755e-03	3.682369e-03
6.309573e-02	1.596095e-03	1.634908e-03	1.741209e-03	2.541605e-03	3.694483e-03
6.456542e-02	1.602833e-03	1.642923e-03	1.751320e-03	2.552708e-03	3.706879e-03
6.606934e-02	1.609727e-03	1.651125e-03	1.761667e-03	2.564069e-03	3.719564e-03
6.760830e-02	1.616782e-03	1.659518e-03	1.772255e-03	2.575695e-03	3.732544e-03
6.918310e-02	1.624002e-03	1.668106e-03	1.783089e-03	2.587592e-03	3.745827e-03
7.079458e-02	1.631390e-03	1.676894e-03	1.794176e-03	2.599765e-03	3.759419e-03
7.244360e-02	1.638949e-03	1.685887e-03	1.805521e-03	2.612223e-03	3.773328e-03
7.413102e-02	1.646685e-03	1.695090e-03	1.817130e-03	2.624970e-03	3.787560e-03
7.585776e-02	1.654601e-03	1.704507e-03	1.829009e-03	2.638015e-03	3.802124e-03
7.762471e-02	1.662702e-03	1.714143e-03	1.841166e-03	2.651363e-03	3.817028e-03
7.943282e-02	1.670991e-03	1.724003e-03	1.853605e-03	2.665022e-03	3.832278e-03
8.128305e-02	1.679473e-03	1.734094e-03	1.866334e-03	2.678999e-03	3.847884e-03
8.317638e-02	1.688153e-03	1.744419e-03	1.879360e-03	2.693302e-03	3.863853e-03
8.511380e-02	1.697035e-03	1.754985e-03	1.892689e-03	2.707938e-03	3.880195e-03
8.709636e-02	1.706123e-03	1.765797e-03	1.906329e-03	2.722915e-03	3.896917e-03
8.912509e-02	1.715424e-03	1.776861e-03	1.920286e-03	2.738241e-03	3.914028e-03
9.120108e-02	1.724941e-03	1.788182e-03	1.934568e-03	2.753924e-03	3.931538e-03
9.332543e-02	1.734680e-03	1.799767e-03	1.949184e-03	2.769972e-03	3.949456e-03
9.549926e-02	1.744646e-03	1.811622e-03	1.964139e-03	2.786394e-03	3.967791e-03
9.772372e-02	1.754844e-03	1.823754e-03	1.979443e-03	2.803199e-03	3.986049e-03
1.000000e-01	1.765279e-03	1.836167e-03	1.995103e-03	2.820395e-03	4.003474e-03
1.023293e-01	1.775957e-03	1.848870e-03	2.009186e-03	2.837991e-03	4.021305e-03
1.047129e-01	1.786885e-03	1.861869e-03	2.023572e-03	2.855997e-03	4.039551e-03
1.071519e-01	1.798066e-03	1.875171e-03	2.038294e-03	2.874423e-03	4.058222e-03
1.096478e-01	1.809508e-03	1.888782e-03	2.053358e-03	2.893278e-03	4.077328e-03
1.122018e-01	1.821217e-03	1.902711e-03	2.068773e-03	2.912572e-03	4.096879e-03
1.148154e-01	1.833199e-03	1.916963e-03	2.084547e-03	2.932316e-03	4.116885e-03
1.174898e-01	1.845459e-03	1.931548e-03	2.100689e-03	2.952519e-03	4.137357e-03
1.202264e-01	1.858005e-03	1.946473e-03	2.117206e-03	2.973193e-03	4.158307e-03
1.230269e-01	1.870843e-03	1.961745e-03	2.134109e-03	2.994349e-03	4.179744e-03
1.258925e-01	1.883981e-03	1.977373e-03	2.151405e-03	3.015997e-03	4.201680e-03
1.288250e-01	1.897424e-03	1.993365e-03	2.169104e-03	3.038150e-03	4.224128e-03
1.318257e-01	1.911181e-03	2.008824e-03	2.187215e-03	3.060819e-03	4.247098e-03
1.348963e-01	1.925258e-03	2.024519e-03	2.205748e-03	3.084015e-03	4.270604e-03
1.380384e-01	1.939662e-03	2.040580e-03	2.224713e-03	3.107752e-03	4.294657e-03
1.412538e-01	1.954403e-03	2.057015e-03	2.244119e-03	3.132042e-03	4.319270e-03
1.445440e-01	1.969486e-03	2.073832e-03	2.263978e-03	3.156898e-03	4.344456e-03
1.479108e-01	1.984922e-03	2.091041e-03	2.284299e-03	3.181168e-03	4.370229e-03
1.513561e-01	2.000549e-03	2.108651e-03	2.305093e-03	3.205682e-03	4.396603e-03
1.548817e-01	2.016214e-03	2.126671e-03	2.326372e-03	3.230767e-03	4.423591e-03
1.584893e-01	2.032244e-03	2.145111e-03	2.348147e-03	3.256437e-03	4.451207e-03
1.621810e-01	2.048647e-03	2.163981e-03	2.370428e-03	3.282704e-03	4.479467e-03
1.659587e-01	2.065432e-03	2.183290e-03	2.393229e-03	3.309584e-03	4.508385e-03
1.698244e-01	2.082608e-03	2.203048e-03	2.416561e-03	3.337089e-03	4.537976e-03
1.737801e-01	2.100184e-03	2.223267e-03	2.440436e-03	3.365235e-03	4.568257e-03
1.778279e-01	2.118170e-03	2.243957e-03	2.464867e-03	3.394037e-03	4.599243e-03
1.819701e-01	2.136574e-03	2.265129e-03	2.489867e-03	3.423509e-03	4.630951e-03
1.862087e-01	2.155407e-03	2.286794e-03	2.515298e-03	3.453668e-03	4.663398e-03
1.905461e-01	2.174679e-03	2.308964e-03	2.540352e-03	3.484530e-03	4.696600e-03
1.949845e-01	2.194400e-03	2.331650e-03	2.565989e-03	3.516110e-03	4.730576e-03
1.995262e-01	2.214580e-03	2.354865e-03	2.592224e-03	3.548426e-03	4.765343e-03
2.041738e-01	2.235230e-03	2.378620e-03	2.619069e-03	3.581495e-03	4.800920e-03
2.089296e-01	2.256361e-03	2.402928e-03	2.646540e-03	3.615334e-03	4.837325e-03
2.137962e-01	2.277985e-03	2.427803e-03	2.674651e-03	3.649962e-03	4.874579e-03
2.187762e-01	2.300112e-03	2.453257e-03	2.703417e-03	3.685395e-03	4.912700e-03
2.238721e-01	2.322754e-03	2.479305e-03	2.732853e-03	3.721655e-03	4.951709e-03
2.290868e-01	2.345924e-03	2.505958e-03	2.762974e-03	3.758758e-03	4.991627e-03
2.344229e-01	2.369634e-03	2.533061e-03	2.793797e-03	3.796726e-03	5.032628e-03
2.398833e-01	2.393895e-03	2.560746e-03	2.825338e-03	3.835579e-03	5.074739e-03
2.454709e-01	2.418722e-03	2.589076e-03	2.857614e-03	3.875336e-03	5.117831e-03
2.511886e-01	2.444128e-03	2.618066e-03	2.890641e-03	3.916020e-03	5.161926e-03
2.570396e-01	2.470125e-03	2.647731e-03	2.924438e-03	3.957651e-03	5.207049e-03
2.630268e-01	2.496727e-03	2.678087e-03	2.959022e-03	4.000987e-03	5.253222e-03
2.691535e-01	2.524657e-03	2.709150e-03	2.994411e-03	4.046255e-03	5.300471e-03
2.754229e-01	2.554149e-03	2.740937e-03	3.030625e-03	4.092578e-03	5.348821e-03
2.818383e-01	2.584329e-03	2.773464e-03	3.067682e-03	4.139979e-03	5.398297e-03
2.884032e-01	2.615211e-03	2.806749e-03	3.105603e-03	4.188485e-03	5.448925e-03
2.951209e-01	2.646812e-03	2.840809e-03	3.144407e-03	4.238120e-03	5.500732e-03
3.019952e-01	2.679150e-03	2.875662e-03	3.185127e-03	4.288912e-03	5.553747e-03
3.090295e-01	2.712241e-03	2.911327e-03	3.227646e-03	4.340886e-03	5.607996e-03
3.162278e-01	2.746103e-03	2.947823e-03	3.271155e-03	4.394071e-03	5.663509e-03
3.235937e-01	2.780753e-03	2.985169e-03	3.315677e-03	4.448496e-03	5.720315e-03
3.311311e-01	2.816211e-03	3.023385e-03	3.361237e-03	4.504187e-03	5.778444e-03
3.388442e-01	2.852494e-03	3.062492e-03	3.407857e-03	4.561176e-03	5.837927e-03
3.467369e-01	2.889623e-03	3.102509e-03	3.455564e-03	4.619493e-03	5.898795e-03
3.548134e-01	2.927616e-03	3.143458e-03	3.504382e-03	4.679168e-03	5.961082e-03
3.630781e-01	2.966494e-03	3.187792e-03	3.554337e-03	4.740233e-03	6.024819e-03
3.715352e-01	3.006278e-03	3.235191e-03	3.605455e-03	4.802720e-03	6.090041e-03
3.801894e-01	3.046989e-03	3.283694e-03	3.657765e-03	4.866662e-03	6.156782e-03
3.890451e-01	3.088648e-03	3.333328e-03	3.711293e-03	4.932095e-03	6.225077e-03
3.981072e-01	3.131277e-03	3.384117e-03	3.766067e-03	4.999051e-03	6.294964e-03
4.073803e-01	3.176867e-03	3.436089e-03	3.822117e-03	5.075116e-03	6.374840e-03
4.168694e-01	3.228477e-03	3.489272e-03	3.879473e-03	5.154737e-03	6.458778e-03
4.265795e-01	3.281288e-03	3.543694e-03	3.938165e-03	5.236212e-03	6.544671e-03
4.365158e-01	3.335330e-03	3.599383e-03	4.001148e-03	5.319585e-03	6.632565e-03
4.466836e-01	3.390630e-03	3.656370e-03	4.073097e-03	5.404900e-03	6.722506e-03
4.570882e-01	3.447219e-03	3.714683e-03	4.146722e-03	5.492202e-03	6.814543e-03
4.677351e-01	3.505125e-03	3.774356e-03	4.222062e-03	5.581538e-03	6.908723e-03
4.786301e-01	3.564381e-03	3.835418e-03	4.299157e-03	5.672954e-03	7.005097e-03
4.897788e-01	3.625017e-03	3.897902e-03	4.378048e-03	5.766500e-03	7.103715e-03
5.011872e-01	3.687065e-03	3.961842e-03	4.458776e-03	5.862225e-03	7.204631e-03
5.128614e-01	3.750558e-03	4.040664e-03	4.541385e-03	5.960180e-03	7.307898e-03
5.248075e-01	3.815531e-03	4.127037e-03	4.625917e-03	6.060416e-03	7.413569e-03
5.370318e-01	3.882016e-03	4.215423e-03	4.712419e-03	6.162987e-03	7.521703e-03
5.495409e-01	3.950051e-03	4.305867e-03	4.800936e-03	6.267947e-03	7.632355e-03
5.623413e-01	4.033192e-03	4.398418e-03	4.891515e-03	6.393707e-03	7.745584e-03
5.754399e-01	4.129409e-03	4.493124e-03	4.984203e-03	6.534293e-03	7.861451e-03
5.888437e-01	4.227867e-03	4.590037e-03	5.100228e-03	6.678153e-03	7.993976e-03
6.025596e-01	4.328619e-03	4.689207e-03	5.227893e-03	6.825365e-03	8.161431e-03
6.165950e-01	4.431717e-03	4.790687e-03	5.358532e-03	6.976006e-03	8.332787e-03
6.309573e-01	4.537217e-03	4.894531e-03	5.492214e-03	7.130155e-03	8.508134e-03
6.456542e-01	4.645174e-03	5.000794e-03	5.629010e-03	7.287896e-03	8.687565e-03
6.606934e-01	4.755646e-03	5.148836e-03	5.768992e-03	7.449310e-03	8.871176e-03
6.760830e-01	4.868691e-03	5.304902e-03	5.912235e-03	7.614484e-03	9.059064e-03
6.918310e-01	4.984369e-03	5.464603e-03	6.058815e-03	7.783506e-03	9.251328e-03
7.079458e-01	5.147795e-03	5.628024e-03	6.208808e-03	7.963302e-03	9.448071e-03
7.244360e-01	5.328999e-03	5.795252e-03	6.388942e-03	8.232206e-03	9.649397e-03
7.413102e-01	5.514423e-03	5.966375e-03	6.625424e-03	8.507375e-03	9.855412e-03
7.585776e-01	5.704167e-03	6.141484e-03	6.867414e-03	8.788952e-03	1.011243e-02
7.762471e-01	5.898331e-03	6.327377e-03	7.115041e-03	9.077089e-03	1.047865e-02
7.943282e-01	6.097017e-03	6.621809e-03	7.368436e-03	9.371937e-03	1.085340e-02
8.128305e-01	6.300331e-03	6.923100e-03	7.627734e-03	9.673652e-03	1.123688e-02
8.317638e-01	6.644230e-03	7.231408e-03	7.893071e-03	9.982396e-03	1.162930e-02
8.511380e-01	7.002622e-03	7.546897e-03	8.340315e-03	1.053611e-02	1.203085e-02
8.709636e-01	7.369362e-03	7.869735e-03	8.838793e-03	1.111708e-02	1.244176e-02
8.912509e-01	7.744643e-03	8.436265e-03	9.348882e-03	1.171159e-02	1.316847e-02
9.120108e-01	8.327610e-03	9.085224e-03	9.870853e-03	1.231994e-02	1.408096e-02
9.332543e-01	9.142327e-03	9.749299e-03	1.086612e-02	1.340769e-02	1.501471e-02
9.549926e-01	9.976022e-03	1.101447e-02	1.203504e-02	1.488317e-02	1.620893e-02
9.772372e-01	1.215270e-02	1.280642e-02	1.438134e-02	1.747722e-02	1.911258e-02
1.000000e+00	3.162300e+01	3.162300e+01	3.162300e+01	3.162300e+01	3.162300e+01