1.000000e-05	1.3980e-03	1.6818e-03	2.0232e-03	2.3240e-03	2.5490e-03	2.7958e-03	3.2115e-03	3.3633e-03	3.6889e-03	4.0461e-03	4.2374e-03
1.071519e-05	1.3980e-03	1.6818e-03	2.0232e-03	2.3240e-03	2.5490e-03	2.7958e-03	3.2115e-03	3.3633e-03	3.6889e-03	4.0461e-03	4.2374e-03
1.148154e-05	1.3980e-03	1.6818e-03	2.0232e-03	2.3240e-03	2.5490e-03	2.7958e-03	3.2115e-03	3.3633e-03	3.6889e-03	4.0461e-03	4.2374e-03
1.230269e-05	1.3980e-03	1.6818e-03	2.0232e-03	2.3240e-03	2.5490e-03	2.7958e-03	3.2115e-03	3.3633e-03	3.6889e-03	4.0461e-03	4.2374e-03
1.318257e-05	1.3980e-03	1.6818e-03	2.0232e-03	2.3240e-03	2.5490e-03	2.7958e-03	3.2115e-03	3.3633e-03	3.6889e-03	4.0461e-03	4.2374e-03
1.412538e-05	1.3980e-03	1.6818e-03	2.0232e-03	2.3240e-03	2.5490e-03	2.7958e-03	3.2115e-03	3.3633e-03	3.6889e-03	4.0461e-03	4.2374e-03
1.513561e-05	1.3980e-03	1.6818e-03	2.0232e-03	2.3240e-03	2.5490e-03	2.7958e-03	3.2115e-03	3.3633e-03	3.6889e-03	4.0461e-03	4.2374e-03
1.621810e-05	1.3980e-03	1.6818e-03	2.0232e-03	2.3240e-03	2.5490e-03	2.7958e-03	3.2115e-03	3.3633e-03	3.6889e-03	4.0461e-03	4.2374e-03
1.737801e-05	1.3980e-03	1.6818e-03	2.0232e-03	2.3240e-03	2.5490e-03	2.7959e-03	3.2115e-03	3.3633e-03	3.6889e-03	4.0461e-03	4.2374e-03
1.862087e-05	1.3980e-03	1.6818e-03	2.0232e-03	2.3241e-03	2.5491e-03	2.7959e-03	3.2116e-03	3.3634e-03	3.6890e-03	4.0461e-03	4.2374e-03
1.995262e-05	1.3980e-03	1.6818e-03	2.0232e-03	2.3241e-03	2.5491e-03	2.7959e-03	3.2116e-03	3.3634e-03	3.6890e-03	4.0462e-03	4.2375e-03
2.137962e-05	1.3980e-03	1.6818e-03	2.0233e-03	2.3241e-03	2.5491e-03	2.7959e-03	3.2116e-03	3.3634e-03	3.6890e-03	4.0462e-03	4.2375e-03
2.290868e-05	1.3980e-03	1.6819e-03	2.0233e-03	2.3241e-03	2.5491e-03	2.7959e-03	3.2116e-03	3.3634e-03	3.6890e-03	4.0462e-03	4.2375e-03
2.454709e-05	1.3980e-03	1.6819e-03	2.0233e-03	2.3241e-03	2.5491e-03	2.7959e-03	3.2116e-03	3.3634e-03	3.6890e-03	4.0462e-03	4.2375e-03
2.630268e-05	1.3980e-03	1.6819e-03	2.0233e-03	2.3241e-03	2.5491e-03	2.7959e-03	3.2116e-03	3.3634e-03	3.6890e-03	4.0462e-03	4.2375e-03
2.818383e-05	1.3981e-03	1.6819e-03	2.0233e-03	2.3241e-03	2.5491e-03	2.7959e-03	3.2116e-03	3.3634e-03	3.6890e-03	4.0462e-03	4.2375e-03
3.019952e-05	1.3981e-03	1.6819e-03	2.0233e-03	2.3241e-03	2.5492e-03	2.7960e-03	3.2117e-03	3.3635e-03	3.6890e-03	4.0462e-03	4.2375e-03
3.235937e-05	1.3981e-03	1.6819e-03	2.0233e-03	2.3242e-03	2.5492e-03	2.7960e-03	3.2117e-03	3.3635e-03	3.6891e-03	4.0463e-03	4.2376e-03
3.467369e-05	1.3981e-03	1.6819e-03	2.0234e-03	2.3242e-03	2.5492e-03	2.7960e-03	3.2117e-03	3.3635e-03	3.6891e-03	4.0463e-03	4.2376e-03
3.715352e-05	1.3981e-03	1.6819e-03	2.0234e-03	2.3242e-03	2.5492e-03	2.7960e-03	3.2117e-03	3.3635e-03	3.6891e-03	4.0463e-03	4.2376e-03
3.981072e-05	1.3981e-03	1.6820e-03	2.0234e-03	2.3242e-03	2.5492e-03	2.7960e-03	3.2117e-03	3.3635e-03	3.6891e-03	4.0463e-03	4.2376e-03
4.265795e-05	1.3981e-03	1.6820e-03	2.0234e-03	2.3242e-03	2.5493e-03	2.7961e-03	3.2118e-03	3.3636e-03	3.6891e-03	4.0463e-03	4.2376e-03
4.570882e-05	1.3982e-03	1.6820e-03	2.0234e-03	2.3243e-03	2.5493e-03	2.7961e-03	3.2118e-03	3.3636e-03	3.6892e-03	4.0464e-03	4.2377e-03
4.897788e-05	1.3982e-03	1.6820e-03	2.0235e-03	2.3243e-03	2.5493e-03	2.7961e-03	3.2118e-03	3.3636e-03	3.6892e-03	4.0464e-03	4.2377e-03
5.248075e-05	1.3982e-03	1.6821e-03	2.0235e-03	2.3243e-03	2.5493e-03	2.7962e-03	3.2118e-03	3.3636e-03	3.6892e-03	4.0464e-03	4.2377e-03
5.623413e-05	1.3982e-03	1.6821e-03	2.0235e-03	2.3244e-03	2.5494e-03	2.7962e-03	3.2119e-03	3.3637e-03	3.6893e-03	4.0464e-03	4.2377e-03
6.025596e-05	1.3982e-03	1.6821e-03	2.0235e-03	2.3244e-03	2.5494e-03	2.7962e-03	3.2119e-03	3.3637e-03	3.6893e-03	4.0465e-03	4.2378e-03
6.456542e-05	1.3983e-03	1.6821e-03	2.0236e-03	2.3244e-03	2.5495e-03	2.7963e-03	3.2119e-03	3.3637e-03	3.6893e-03	4.0465e-03	4.2378e-03
6.918310e-05	1.3983e-03	1.6822e-03	2.0236e-03	2.3245e-03	2.5495e-03	2.7963e-03	3.2120e-03	3.3638e-03	3.6894e-03	4.0465e-03	4.2378e-03
7.413102e-05	1.3983e-03	1.6822e-03	2.0236e-03	2.3245e-03	2.5495e-03	2.7963e-03	3.2120e-03	3.3638e-03	3.6894e-03	4.0466e-03	4.2379e-03
7.943282e-05	1.3983e-03	1.6822e-03	2.0237e-03	2.3245e-03	2.5496e-03	2.7964e-03	3.2121e-03	3.3639e-03	3.6894e-03	4.0466e-03	4.2379e-03
8.511380e-05	1.3984e-03	1.6823e-03	2.0237e-03	2.3246e-03	2.5496e-03	2.7964e-03	3.2121e-03	3.3639e-03	3.6895e-03	4.0467e-03	4.2380e-03
9.120108e-05	1.3984e-03	1.6823e-03	2.0238e-03	2.3246e-03	2.5497e-03	2.7965e-03	3.2122e-03	3.3640e-03	3.6895e-03	4.0467e-03	4.2380e-03
9.772372e-05	1.3984e-03	1.6824e-03	2.0238e-03	2.3247e-03	2.5497e-03	2.7966e-03	3.2122e-03	3.3640e-03	3.6896e-03	4.0468e-03	4.2381e-03
1.047129e-04	1.3985e-03	1.6824e-03	2.0239e-03	2.3247e-03	2.5498e-03	2.7966e-03	3.2123e-03	3.3641e-03	3.6896e-03	4.0468e-03	4.2381e-03
1.122018e-04	1.3985e-03	1.6824e-03	2.0239e-03	2.3248e-03	2.5499e-03	2.7967e-03	3.2123e-03	3.3641e-03	3.6897e-03	4.0469e-03	4.2382e-03
1.202264e-04	1.3986e-03	1.6825e-03	2.0240e-03	2.3249e-03	2.5499e-03	2.7967e-03	3.2124e-03	3.3642e-03	3.6898e-03	4.0469e-03	4.2382e-03
1.288250e-04	1.3986e-03	1.6826e-03	2.0240e-03	2.3249e-03	2.5500e-03	2.7968e-03	3.2125e-03	3.3643e-03	3.6898e-03	4.0470e-03	4.2383e-03
1.380384e-04	1.3987e-03	1.6826e-03	2.0241e-03	2.3250e-03	2.5501e-03	2.7969e-03	3.2126e-03	3.3644e-03	3.6899e-03	4.0471e-03	4.2384e-03
1.479108e-04	1.3987e-03	1.6827e-03	2.0242e-03	2.3251e-03	2.5502e-03	2.7970e-03	3.2126e-03	3.3644e-03	3.6900e-03	4.0472e-03	4.2385e-03
1.584893e-04	1.3988e-03	1.6828e-03	2.0243e-03	2.3252e-03	2.5503e-03	2.7971e-03	3.2127e-03	3.3645e-03	3.6901e-03	4.0472e-03	4.2385e-03
1.698244e-04	1.3988e-03	1.6828e-03	2.0244e-03	2.3253e-03	2.5503e-03	2.7972e-03	3.2128e-03	3.3646e-03	3.6902e-03	4.0473e-03	4.2386e-03
1.819701e-04	1.3989e-03	1.6829e-03	2.0244e-03	2.3254e-03	2.5505e-03	2.7973e-03	3.2129e-03	3.3647e-03	3.6903e-03	4.0474e-03	4.2387e-03
1.949845e-04	1.3990e-03	1.6830e-03	2.0245e-03	2.3255e-03	2.5506e-03	2.7974e-03	3.2130e-03	3.3648e-03	3.6904e-03	4.0475e-03	4.2388e-03
2.089296e-04	1.3991e-03	1.6831e-03	2.0246e-03	2.3256e-03	2.5507e-03	2.7975e-03	3.2132e-03	3.3649e-03	3.6905e-03	4.0476e-03	4.2389e-03
2.238721e-04	1.3992e-03	1.6832e-03	2.0247e-03	2.3257e-03	2.5508e-03	2.7977e-03	3.2133e-03	3.3651e-03	3.6906e-03	4.0478e-03	4.2390e-03
2.398833e-04	1.3992e-03	1.6833e-03	2.0249e-03	2.3258e-03	2.5509e-03	2.7978e-03	3.2134e-03	3.3652e-03	3.6907e-03	4.0479e-03	4.2392e-03
2.570396e-04	1.3993e-03	1.6834e-03	2.0250e-03	2.3260e-03	2.5511e-03	2.7979e-03	3.2136e-03	3.3654e-03	3.6909e-03	4.0480e-03	4.2393e-03
2.754229e-04	1.3994e-03	1.6835e-03	2.0251e-03	2.3261e-03	2.5512e-03	2.7981e-03	3.2137e-03	3.3655e-03	3.6910e-03	4.0482e-03	4.2395e-03
2.951209e-04	1.3996e-03	1.6837e-03	2.0253e-03	2.3263e-03	2.5514e-03	2.7983e-03	3.2139e-03	3.3657e-03	3.6912e-03	4.0483e-03	4.2396e-03
3.162278e-04	1.3997e-03	1.6838e-03	2.0254e-03	2.3265e-03	2.5516e-03	2.7985e-03	3.2141e-03	3.3658e-03	3.6914e-03	4.0485e-03	4.2398e-03
3.388442e-04	1.3998e-03	1.6840e-03	2.0256e-03	2.3266e-03	2.5518e-03	2.7987e-03	3.2143e-03	3.3660e-03	3.6915e-03	4.0487e-03	4.2399e-03
3.630781e-04	1.3999e-03	1.6841e-03	2.0258e-03	2.3268e-03	2.5520e-03	2.7989e-03	3.2145e-03	3.3662e-03	3.6917e-03	4.0489e-03	4.2401e-03
3.890451e-04	1.4001e-03	1.6843e-03	2.0260e-03	2.3270e-03	2.5522e-03	2.7991e-03	3.2147e-03	3.3665e-03	3.6919e-03	4.0491e-03	4.2403e-03
4.168694e-04	1.4002e-03	1.6845e-03	2.0262e-03	2.3273e-03	2.5525e-03	2.7993e-03	3.2149e-03	3.3667e-03	3.6922e-03	4.0493e-03	4.2406e-03
4.466836e-04	1.4004e-03	1.6847e-03	2.0264e-03	2.3275e-03	2.5527e-03	2.7996e-03	3.2152e-03	3.3669e-03	3.6924e-03	4.0495e-03	4.2408e-03
4.786301e-04	1.4006e-03	1.6849e-03	2.0266e-03	2.3278e-03	2.5530e-03	2.7999e-03	3.2154e-03	3.3672e-03	3.6927e-03	4.0498e-03	4.2410e-03
5.128614e-04	1.4008e-03	1.6851e-03	2.0269e-03	2.3280e-03	2.5533e-03	2.8002e-03	3.2157e-03	3.3675e-03	3.6929e-03	4.0500e-03	4.2413e-03
5.495409e-04	1.4010e-03	1.6854e-03	2.0271e-03	2.3283e-03	2.5536e-03	2.8005e-03	3.2160e-03	3.3678e-03	3.6932e-03	4.0503e-03	4.2416e-03
5.888437e-04	1.4012e-03	1.6856e-03	2.0274e-03	2.3287e-03	2.5539e-03	2.8008e-03	3.2164e-03	3.3681e-03	3.6936e-03	4.0506e-03	4.2419e-03
6.309573e-04	1.4014e-03	1.6859e-03	2.0277e-03	2.3290e-03	2.5543e-03	2.8012e-03	3.2167e-03	3.3685e-03	3.6939e-03	4.0510e-03	4.2422e-03
6.760830e-04	1.4017e-03	1.6862e-03	2.0281e-03	2.3294e-03	2.5547e-03	2.8016e-03	3.2171e-03	3.3689e-03	3.6943e-03	4.0513e-03	4.2426e-03
7.244360e-04	1.4020e-03	1.6865e-03	2.0284e-03	2.3298e-03	2.5551e-03	2.8020e-03	3.2175e-03	3.3693e-03	3.6947e-03	4.0517e-03	4.2430e-03
7.762471e-04	1.4022e-03	1.6869e-03	2.0288e-03	2.3302e-03	2.5555e-03	2.8025e-03	3.2179e-03	3.3697e-03	3.6951e-03	4.0521e-03	4.2434e-03
8.317638e-04	1.4026e-03	1.6873e-03	2.0292e-03	2.3306e-03	2.5560e-03	2.8030e-03	3.2184e-03	3.3702e-03	3.6955e-03	4.0525e-03	4.2438e-03
8.912509e-04	1.4029e-03	1.6876e-03	2.0297e-03	2.3311e-03	2.5565e-03	2.8035e-03	3.2189e-03	3.3707e-03	3.6960e-03	4.0530e-03	4.2443e-03
9.549926e-04	1.4032e-03	1.6881e-03	2.0301e-03	2.3316e-03	2.5570e-03	2.8040e-03	3.2194e-03	3.3712e-03	3.6965e-03	4.0535e-03	4.2448e-03
1.023293e-03	1.4036e-03	1.6885e-03	2.0306e-03	2.3322e-03	2.5576e-03	2.8046e-03	3.2200e-03	3.3718e-03	3.6971e-03	4.0540e-03	4.2453e-03
1.096478e-03	1.4040e-03	1.6890e-03	2.0312e-03	2.3328e-03	2.5583e-03	2.8053e-03	3.2206e-03	3.3724e-03	3.6977e-03	4.0546e-03	4.2459e-03
1.174898e-03	1.4045e-03	1.6895e-03	2.0317e-03	2.3334e-03	2.5589e-03	2.8060e-03	3.2213e-03	3.3730e-03	3.6983e-03	4.0552e-03	4.2465e-03
1.258925e-03	1.4049e-03	1.6901e-03	2.0324e-03	2.3341e-03	2.5596e-03	2.8067e-03	3.2220e-03	3.3737e-03	3.6990e-03	4.0559e-03	4.2471e-03
1.348963e-03	1.4054e-03	1.6907e-03	2.0330e-03	2.3348e-03	2.5604e-03	2.8075e-03	3.2228e-03	3.3745e-03	3.6997e-03	4.0566e-03	4.2478e-03
1.445440e-03	1.4060e-03	1.6913e-03	2.0337e-03	2.3356e-03	2.5612e-03	2.8083e-03	3.2236e-03	3.3753e-03	3.7005e-03	4.0574e-03	4.2486e-03
1.548817e-03	1.4066e-03	1.6920e-03	2.0345e-03	2.3364e-03	2.5621e-03	2.8092e-03	3.2245e-03	3.3762e-03	3.7013e-03	4.0582e-03	4.2494e-03
1.659587e-03	1.4072e-03	1.6928e-03	2.0353e-03	2.3373e-03	2.5631e-03	2.8102e-03	3.2254e-03	3.3771e-03	3.7022e-03	4.0590e-03	4.2503e-03
1.778279e-03	1.4078e-03	1.6936e-03	2.0362e-03	2.3383e-03	2.5641e-03	2.8112e-03	3.2264e-03	3.3781e-03	3.7032e-03	4.0600e-03	4.2512e-03
1.905461e-03	1.4086e-03	1.6944e-03	2.0371e-03	2.3393e-03	2.5652e-03	2.8123e-03	3.2275e-03	3.3792e-03	3.7042e-03	4.0610e-03	4.2522e-03
2.041738e-03	1.4093e-03	1.6953e-03	2.0381e-03	2.3404e-03	2.5663e-03	2.8135e-03	3.2286e-03	3.3803e-03	3.7053e-03	4.0620e-03	4.2532e-03
2.187762e-03	1.4101e-03	1.6963e-03	2.0392e-03	2.3416e-03	2.5676e-03	2.8148e-03	3.2298e-03	3.3815e-03	3.7065e-03	4.0632e-03	4.2544e-03
2.344229e-03	1.4110e-03	1.6973e-03	2.0404e-03	2.3428e-03	2.5689e-03	2.8162e-03	3.2312e-03	3.3828e-03	3.7078e-03	4.0644e-03	4.2556e-03
2.511886e-03	1.4119e-03	1.6985e-03	2.0416e-03	2.3442e-03	2.5703e-03	2.8176e-03	3.2326e-03	3.3842e-03	3.7091e-03	4.0657e-03	4.2569e-03
2.691535e-03	1.4130e-03	1.6997e-03	2.0429e-03	2.3456e-03	2.5719e-03	2.8192e-03	3.2341e-03	3.3857e-03	3.7106e-03	4.0671e-03	4.2583e-03
2.884032e-03	1.4140e-03	1.7010e-03	2.0443e-03	2.3472e-03	2.5735e-03	2.8209e-03	3.2357e-03	3.3873e-03	3.7121e-03	4.0687e-03	4.2598e-03
3.090295e-03	1.4152e-03	1.7023e-03	2.0458e-03	2.3489e-03	2.5753e-03	2.8227e-03	3.2374e-03	3.3891e-03	3.7138e-03	4.0703e-03	4.2614e-03
3.311311e-03	1.4164e-03	1.7038e-03	2.0475e-03	2.3507e-03	2.5771e-03	2.8246e-03	3.2393e-03	3.3909e-03	3.7156e-03	4.0720e-03	4.2632e-03
3.548134e-03	1.4177e-03	1.7054e-03	2.0492e-03	2.3526e-03	2.5792e-03	2.8267e-03	3.2413e-03	3.3929e-03	3.7175e-03	4.0739e-03	4.2650e-03
3.801894e-03	1.4192e-03	1.7071e-03	2.0511e-03	2.3546e-03	2.5813e-03	2.8289e-03	3.2434e-03	3.3950e-03	3.7196e-03	4.0759e-03	4.2670e-03
4.073803e-03	1.4207e-03	1.7089e-03	2.0531e-03	2.3568e-03	2.5836e-03	2.8313e-03	3.2457e-03	3.3973e-03	3.7218e-03	4.0780e-03	4.2691e-03
4.365158e-03	1.4223e-03	1.7108e-03	2.0552e-03	2.3592e-03	2.5861e-03	2.8338e-03	3.2482e-03	3.3997e-03	3.7241e-03	4.0803e-03	4.2714e-03
4.677351e-03	1.4241e-03	1.7129e-03	2.0575e-03	2.3617e-03	2.5888e-03	2.8365e-03	3.2508e-03	3.4024e-03	3.7266e-03	4.0827e-03	4.2738e-03
5.011872e-03	1.4259e-03	1.7152e-03	2.0600e-03	2.3644e-03	2.5916e-03	2.8395e-03	3.2536e-03	3.4052e-03	3.7293e-03	4.0854e-03	4.2764e-03
5.370318e-03	1.4279e-03	1.7175e-03	2.0626e-03	2.3673e-03	2.5947e-03	2.8426e-03	3.2567e-03	3.4082e-03	3.7322e-03	4.0882e-03	4.2792e-03
5.754399e-03	1.4301e-03	1.7201e-03	2.0655e-03	2.3704e-03	2.5980e-03	2.8459e-03	3.2599e-03	3.4114e-03	3.7354e-03	4.0912e-03	4.2822e-03
6.165950e-03	1.4324e-03	1.7229e-03	2.0685e-03	2.3737e-03	2.6015e-03	2.8495e-03	3.2634e-03	3.4148e-03	3.7387e-03	4.0944e-03	4.2855e-03
6.606934e-03	1.4349e-03	1.7258e-03	2.0717e-03	2.3773e-03	2.6053e-03	2.8534e-03	3.2671e-03	3.4185e-03	3.7422e-03	4.0979e-03	4.2889e-03
7.079458e-03	1.4375e-03	1.7290e-03	2.0752e-03	2.3811e-03	2.6093e-03	2.8575e-03	3.2711e-03	3.4225e-03	3.7461e-03	4.1016e-03	4.2926e-03
7.585776e-03	1.4403e-03	1.7323e-03	2.0789e-03	2.3852e-03	2.6136e-03	2.8619e-03	3.2753e-03	3.4267e-03	3.7502e-03	4.1056e-03	4.2966e-03
8.128305e-03	1.4434e-03	1.7360e-03	2.0829e-03	2.3896e-03	2.6182e-03	2.8667e-03	3.2799e-03	3.4313e-03	3.7546e-03	4.1099e-03	4.3008e-03
8.709636e-03	1.4466e-03	1.7398e-03	2.0872e-03	2.3943e-03	2.6232e-03	2.8717e-03	3.2848e-03	3.4361e-03	3.7593e-03	4.1144e-03	4.3053e-03
9.332543e-03	1.4501e-03	1.7440e-03	2.0918e-03	2.3993e-03	2.6285e-03	2.8772e-03	3.2901e-03	3.4413e-03	3.7643e-03	4.1193e-03	4.3102e-03
1.000000e-02	1.4538e-03	1.7485e-03	2.0967e-03	2.4047e-03	2.6342e-03	2.8830e-03	3.2957e-03	3.4469e-03	3.7697e-03	4.1246e-03	4.3154e-03
1.980000e-02	1.5072e-03	1.8122e-03	2.1673e-03	2.4824e-03	2.7165e-03	2.9676e-03	3.3780e-03	3.5289e-03	3.8490e-03	4.2016e-03	4.3920e-03
2.960000e-02	1.5593e-03	1.8746e-03	2.2368e-03	2.5589e-03	2.7977e-03	3.0511e-03	3.4591e-03	3.6100e-03	3.9281e-03	4.2787e-03	4.4688e-03
3.940000e-02	1.6104e-03	1.9360e-03	2.3048e-03	2.6336e-03	2.8769e-03	3.1331e-03	3.5400e-03	3.6911e-03	4.0071e-03	4.3560e-03	4.5462e-03
4.920000e-02	1.6602e-03	1.9957e-03	2.3715e-03	2.7073e-03	2.9554e-03	3.2146e-03	3.6197e-03	3.7714e-03	4.0860e-03	4.4333e-03	4.6235e-03
5.900000e-02	1.7092e-03	2.0546e-03	2.4377e-03	2.7801e-03	3.0327e-03	3.2944e-03	3.6992e-03	3.8518e-03	4.1648e-03	4.5109e-03	4.7013e-03
6.880000e-02	1.7576e-03	2.1128e-03	2.5023e-03	2.8516e-03	3.1090e-03	3.3740e-03	3.7777e-03	3.9314e-03	4.2435e-03	4.5885e-03	4.7794e-03
7.860000e-02	1.8049e-03	2.1697e-03	2.5665e-03	2.9226e-03	3.1845e-03	3.4523e-03	3.8561e-03	4.0109e-03	4.3221e-03	4.6662e-03	4.8574e-03
8.840000e-02	1.8520e-03	2.2264e-03	2.6297e-03	2.9922e-03	3.2590e-03	3.5305e-03	3.9335e-03	4.0901e-03	4.4007e-03	4.7440e-03	4.9361e-03
9.820000e-02	1.8981e-03	2.2819e-03	2.6924e-03	3.0617e-03	3.3329e-03	3.6073e-03	4.0108e-03	4.1689e-03	4.4792e-03	4.8219e-03	5.0149e-03
1.080000e-01	1.9440e-03	2.3371e-03	2.7543e-03	3.1298e-03	3.4060e-03	3.6841e-03	4.0874e-03	4.2476e-03	4.5576e-03	4.8998e-03	5.0938e-03
1.178000e-01	1.9891e-03	2.3915e-03	2.8157e-03	3.1978e-03	3.4785e-03	3.7596e-03	4.1635e-03	4.3257e-03	4.6360e-03	4.9780e-03	5.1733e-03
1.276000e-01	2.0339e-03	2.4456e-03	2.8764e-03	3.2648e-03	3.5505e-03	3.8351e-03	4.2396e-03	4.4038e-03	4.7142e-03	5.0561e-03	5.2528e-03
1.374000e-01	2.0781e-03	2.4989e-03	2.9368e-03	3.3314e-03	3.6216e-03	3.9099e-03	4.3148e-03	4.4816e-03	4.7924e-03	5.1344e-03	5.3323e-03
1.472000e-01	2.1222e-03	2.5521e-03	2.9963e-03	3.3975e-03	3.6927e-03	3.9841e-03	4.3899e-03	4.5591e-03	4.8706e-03	5.2128e-03	5.4125e-03
1.570000e-01	2.1655e-03	2.6044e-03	3.0559e-03	3.4630e-03	3.7626e-03	4.0582e-03	4.4647e-03	4.6366e-03	4.9486e-03	5.2912e-03	5.4927e-03
1.668000e-01	2.2089e-03	2.6567e-03	3.1145e-03	3.5284e-03	3.8325e-03	4.1312e-03	4.5389e-03	4.7136e-03	5.0266e-03	5.3696e-03	5.5729e-03
1.766000e-01	2.2516e-03	2.7084e-03	3.1730e-03	3.5927e-03	3.9018e-03	4.2043e-03	4.6131e-03	4.7904e-03	5.1046e-03	5.4482e-03	5.6536e-03
1.864000e-01	2.2941e-03	2.7598e-03	3.2311e-03	3.6570e-03	3.9706e-03	4.2768e-03	4.6868e-03	4.8673e-03	5.1825e-03	5.5268e-03	5.7345e-03
1.962000e-01	2.3364e-03	2.8110e-03	3.2886e-03	3.7208e-03	4.0394e-03	4.3489e-03	4.7601e-03	4.9436e-03	5.2603e-03	5.6055e-03	5.8154e-03
2.060000e-01	2.3782e-03	2.8615e-03	3.3461e-03	3.7841e-03	4.1072e-03	4.4209e-03	4.8333e-03	5.0199e-03	5.3382e-03	5.6844e-03	5.8966e-03
2.158000e-01	2.4200e-03	2.9121e-03	3.4034e-03	3.8475e-03	4.1749e-03	4.4922e-03	4.9062e-03	5.0962e-03	5.4158e-03	5.7632e-03	5.9781e-03
2.256000e-01	2.4620e-03	2.9629e-03	3.4606e-03	3.9107e-03	4.2425e-03	4.5633e-03	4.9787e-03	5.1720e-03	5.4935e-03	5.8421e-03	6.0597e-03
2.354000e-01	2.5039e-03	3.0138e-03	3.5178e-03	3.9739e-03	4.3093e-03	4.6344e-03	5.0511e-03	5.2478e-03	5.5712e-03	5.9211e-03	6.1413e-03
2.452000e-01	2.5459e-03	3.0647e-03	3.5761e-03	4.0372e-03	4.3760e-03	4.7046e-03	5.1233e-03	5.3236e-03	5.6487e-03	6.0002e-03	6.2235e-03
2.550000e-01	2.5887e-03	3.1167e-03	3.6346e-03	4.1017e-03	4.4429e-03	4.7748e-03	5.1950e-03	5.3990e-03	5.7263e-03	6.0793e-03	6.3057e-03
2.648000e-01	2.6316e-03	3.1687e-03	3.6931e-03	4.1665e-03	4.5112e-03	4.8449e-03	5.2668e-03	5.4743e-03	5.8038e-03	6.1584e-03	6.3878e-03
2.746000e-01	2.6746e-03	3.2208e-03	3.7530e-03	4.2313e-03	4.5794e-03	4.9156e-03	5.3385e-03	5.5495e-03	5.8813e-03	6.2377e-03	6.4704e-03
2.844000e-01	2.7184e-03	3.2739e-03	3.8128e-03	4.2975e-03	4.6476e-03	4.9867e-03	5.4112e-03	5.6246e-03	5.9586e-03	6.3170e-03	6.5532e-03
2.942000e-01	2.7622e-03	3.3270e-03	3.8728e-03	4.3639e-03	4.7179e-03	5.0578e-03	5.4840e-03	5.6994e-03	6.0360e-03	6.3963e-03	6.6359e-03
3.040000e-01	2.8062e-03	3.3804e-03	3.9339e-03	4.4303e-03	4.7882e-03	5.1300e-03	5.5568e-03	5.7742e-03	6.1134e-03	6.4758e-03	6.7187e-03
3.138000e-01	2.8510e-03	3.4346e-03	3.9950e-03	4.4981e-03	4.8584e-03	5.2037e-03	5.6313e-03	5.8490e-03	6.1907e-03	6.5553e-03	6.8021e-03
3.236000e-01	2.8957e-03	3.4889e-03	4.0563e-03	4.5661e-03	4.9306e-03	5.2774e-03	5.7074e-03	5.9258e-03	6.2679e-03	6.6348e-03	6.8855e-03
3.334000e-01	2.9406e-03	3.5435e-03	4.1187e-03	4.6341e-03	5.0030e-03	5.3516e-03	5.7834e-03	6.0026e-03	6.3451e-03	6.7143e-03	6.9689e-03
3.432000e-01	2.9863e-03	3.5987e-03	4.1811e-03	4.7033e-03	5.0754e-03	5.4281e-03	5.8596e-03	6.0795e-03	6.4224e-03	6.7949e-03	7.0523e-03
3.530000e-01	3.0319e-03	3.6540e-03	4.2436e-03	4.7728e-03	5.1492e-03	5.5045e-03	5.9390e-03	6.1577e-03	6.5033e-03	6.8758e-03	7.1363e-03
3.628000e-01	3.0778e-03	3.7097e-03	4.3073e-03	4.8423e-03	5.2238e-03	5.5809e-03	6.0185e-03	6.2386e-03	6.5843e-03	6.9566e-03	7.2203e-03
3.726000e-01	3.1243e-03	3.7661e-03	4.3711e-03	4.9129e-03	5.2983e-03	5.6597e-03	6.0979e-03	6.3196e-03	6.6653e-03	7.0375e-03	7.3042e-03
3.824000e-01	3.1708e-03	3.8225e-03	4.4348e-03	4.9840e-03	5.3738e-03	5.7390e-03	6.1793e-03	6.4005e-03	6.7475e-03	7.1231e-03	7.3888e-03
3.922000e-01	3.2174e-03	3.8792e-03	4.4997e-03	5.0551e-03	5.4504e-03	5.8182e-03	6.2622e-03	6.4846e-03	6.8333e-03	7.2091e-03	7.4771e-03
4.020000e-01	3.2648e-03	3.9366e-03	4.5647e-03	5.1269e-03	5.5271e-03	5.8990e-03	6.3452e-03	6.5699e-03	6.9190e-03	7.2951e-03	7.5654e-03
4.118000e-01	3.3122e-03	3.9941e-03	4.6297e-03	5.1996e-03	5.6041e-03	5.9811e-03	6.4284e-03	6.6551e-03	7.0048e-03	7.3813e-03	7.6537e-03
4.216000e-01	3.3596e-03	4.0516e-03	4.6957e-03	5.2723e-03	5.6829e-03	6.0632e-03	6.5150e-03	6.7411e-03	7.0934e-03	7.4730e-03	7.7431e-03
4.314000e-01	3.4079e-03	4.1101e-03	4.7619e-03	5.3452e-03	5.7618e-03	6.1457e-03	6.6016e-03	6.8310e-03	7.1843e-03	7.5646e-03	7.8375e-03
4.412000e-01	3.4562e-03	4.1686e-03	4.8282e-03	5.4195e-03	5.8406e-03	6.2308e-03	6.6882e-03	6.9208e-03	7.2753e-03	7.6562e-03	7.9319e-03
4.510000e-01	3.5045e-03	4.2271e-03	4.8956e-03	5.4937e-03	5.9212e-03	6.3158e-03	6.7769e-03	7.0106e-03	7.3662e-03	7.7492e-03	8.0262e-03
4.608000e-01	3.5546e-03	4.2883e-03	4.9647e-03	5.5680e-03	6.0022e-03	6.4009e-03	6.8673e-03	7.1035e-03	7.4620e-03	7.8469e-03	8.1226e-03
4.706000e-01	3.6056e-03	4.3501e-03	5.0337e-03	5.6448e-03	6.0832e-03	6.4881e-03	6.9578e-03	7.1982e-03	7.5584e-03	7.9446e-03	8.2236e-03
4.804000e-01	3.6567e-03	4.4118e-03	5.1031e-03	5.7227e-03	6.1652e-03	6.5762e-03	7.0484e-03	7.2928e-03	7.6549e-03	8.0422e-03	8.3246e-03
4.902000e-01	3.7089e-03	4.4758e-03	5.1766e-03	5.8007e-03	6.2488e-03	6.6642e-03	7.1427e-03	7.3881e-03	7.7529e-03	8.1431e-03	8.4256e-03
5.000000e-01	3.7634e-03	4.5414e-03	5.2501e-03	5.8802e-03	6.3323e-03	6.7532e-03	7.2371e-03	7.4879e-03	7.8553e-03	8.2474e-03	8.5303e-03
5.098000e-01	3.8178e-03	4.6070e-03	5.3236e-03	5.9634e-03	6.4158e-03	6.8443e-03	7.3315e-03	7.5877e-03	7.9577e-03	8.3516e-03	8.6385e-03
5.196000e-01	3.8728e-03	4.6742e-03	5.4009e-03	6.0466e-03	6.5049e-03	6.9355e-03	7.4280e-03	7.6875e-03	8.0601e-03	8.4558e-03	8.7468e-03
5.294000e-01	3.9309e-03	4.7439e-03	5.4791e-03	6.1298e-03	6.5945e-03	7.0266e-03	7.5265e-03	7.7907e-03	8.1669e-03	8.5660e-03	8.8550e-03
5.392000e-01	3.9889e-03	4.8136e-03	5.5574e-03	6.2186e-03	6.6841e-03	7.1228e-03	7.6251e-03	7.8960e-03	8.2757e-03	8.6774e-03	8.9697e-03
5.490000e-01	4.0470e-03	4.8843e-03	5.6386e-03	6.3075e-03	6.7773e-03	7.2201e-03	7.7236e-03	8.0013e-03	8.3845e-03	8.7888e-03	9.0859e-03
5.588000e-01	4.1090e-03	4.9585e-03	5.7221e-03	6.3964e-03	6.8735e-03	7.3175e-03	7.8290e-03	8.1074e-03	8.4945e-03	8.9020e-03	9.2021e-03
5.686000e-01	4.1710e-03	5.0327e-03	5.8056e-03	6.4898e-03	6.9698e-03	7.4179e-03	7.9346e-03	8.2184e-03	8.6102e-03	9.0213e-03	9.3201e-03
5.784000e-01	4.2330e-03	5.1076e-03	5.8913e-03	6.5850e-03	7.0678e-03	7.5230e-03	8.0402e-03	8.3295e-03	8.7259e-03	9.1405e-03	9.4451e-03
5.882000e-01	4.2990e-03	5.1866e-03	5.9804e-03	6.6802e-03	7.1714e-03	7.6281e-03	8.1504e-03	8.4405e-03	8.8416e-03	9.2598e-03	9.5701e-03
5.980000e-01	4.3653e-03	5.2657e-03	6.0695e-03	6.7790e-03	7.2750e-03	7.7338e-03	8.2648e-03	8.5579e-03	8.9629e-03	9.3851e-03	9.6951e-03
6.078000e-01	4.4316e-03	5.3452e-03	6.1605e-03	6.8811e-03	7.3788e-03	7.8476e-03	8.3793e-03	8.6780e-03	9.0865e-03	9.5130e-03	9.8267e-03
6.176000e-01	4.5022e-03	5.4295e-03	6.2557e-03	6.9831e-03	7.4906e-03	7.9613e-03	8.4954e-03	8.7981e-03	9.2101e-03	9.6409e-03	9.9613e-03
6.274000e-01	4.5733e-03	5.5138e-03	6.3510e-03	7.0882e-03	7.6024e-03	8.0751e-03	8.6199e-03	8.9220e-03	9.3373e-03	9.7716e-03	1.0096e-02
6.372000e-01	4.6443e-03	5.5986e-03	6.4480e-03	7.1978e-03	7.7143e-03	8.1971e-03	8.7443e-03	9.0528e-03	9.4722e-03	9.9100e-03	1.0233e-02
6.470000e-01	4.7202e-03	5.6886e-03	6.5500e-03	7.3074e-03	7.8342e-03	8.3206e-03	8.8687e-03	9.1836e-03	9.6070e-03	1.0048e-02	1.0379e-02
6.568000e-01	4.7964e-03	5.7786e-03	6.6520e-03	7.4201e-03	7.9552e-03	8.4440e-03	9.0039e-03	9.3162e-03	9.7426e-03	1.0187e-02	1.0524e-02
6.666000e-01	4.8730e-03	5.8697e-03	6.7561e-03	7.5380e-03	8.0761e-03	8.5757e-03	9.1397e-03	9.4592e-03	9.8901e-03	1.0338e-02	1.0670e-02
6.764000e-01	4.9554e-03	5.9670e-03	6.8659e-03	7.6560e-03	8.2059e-03	8.7100e-03	9.2754e-03	9.6021e-03	1.0038e-02	1.0490e-02	1.0829e-02
6.862000e-01	5.0378e-03	6.0642e-03	6.9756e-03	7.7779e-03	8.3370e-03	8.8444e-03	9.4223e-03	9.7461e-03	1.0185e-02	1.0642e-02	1.0989e-02
6.960000e-01	5.1222e-03	6.1642e-03	7.0892e-03	7.9056e-03	8.4681e-03	8.9883e-03	9.5709e-03	9.9028e-03	1.0347e-02	1.0806e-02	1.1149e-02
7.058000e-01	5.2121e-03	6.2703e-03	7.2090e-03	8.0333e-03	8.6102e-03	9.1351e-03	9.7196e-03	1.0060e-02	1.0509e-02	1.0974e-02	1.1323e-02
7.156000e-01	5.3020e-03	6.3765e-03	7.3288e-03	8.1675e-03	8.7528e-03	9.2819e-03	9.8814e-03	1.0219e-02	1.0671e-02	1.1142e-02	1.1500e-02
7.254000e-01	5.3969e-03	6.4884e-03	7.4554e-03	8.3072e-03	8.8973e-03	9.4417e-03	1.0045e-02	1.0391e-02	1.0850e-02	1.1323e-02	1.1677e-02
7.352000e-01	5.4952e-03	6.6047e-03	7.5867e-03	8.4470e-03	9.0536e-03	9.6027e-03	1.0210e-02	1.0564e-02	1.1030e-02	1.1509e-02	1.1869e-02
7.450000e-01	5.5938e-03	6.7210e-03	7.7180e-03	8.5979e-03	9.2098e-03	9.7666e-03	1.0390e-02	1.0744e-02	1.1213e-02	1.1695e-02	1.2066e-02
7.548000e-01	5.7020e-03	6.8485e-03	7.8618e-03	8.7515e-03	9.3732e-03	9.9436e-03	1.0571e-02	1.0936e-02	1.1412e-02	1.1900e-02	1.2262e-02
7.646000e-01	5.8101e-03	6.9765e-03	8.0063e-03	8.9082e-03	9.5453e-03	1.0121e-02	1.0760e-02	1.1127e-02	1.1612e-02	1.2107e-02	1.2481e-02
7.744000e-01	5.9249e-03	7.1109e-03	8.1571e-03	9.0779e-03	9.7174e-03	1.0308e-02	1.0960e-02	1.1335e-02	1.1824e-02	1.2321e-02	1.2701e-02
7.842000e-01	6.0444e-03	7.2525e-03	8.3169e-03	9.2476e-03	9.9059e-03	1.0504e-02	1.1160e-02	1.1549e-02	1.2047e-02	1.2554e-02	1.2930e-02
7.940000e-01	6.1674e-03	7.3960e-03	8.4771e-03	9.4309e-03	1.0096e-02	1.0702e-02	1.1379e-02	1.1769e-02	1.2272e-02	1.2786e-02	1.3178e-02
8.038000e-01	6.3002e-03	7.5536e-03	8.6550e-03	9.6194e-03	1.0297e-02	1.0920e-02	1.1601e-02	1.2007e-02	1.2524e-02	1.3042e-02	1.3425e-02
8.136000e-01	6.4343e-03	7.7112e-03	8.8329e-03	9.8167e-03	1.0509e-02	1.1137e-02	1.1836e-02	1.2245e-02	1.2776e-02	1.3306e-02	1.3704e-02
8.234000e-01	6.5829e-03	7.8860e-03	9.0273e-03	1.0027e-02	1.0727e-02	1.1375e-02	1.2083e-02	1.2508e-02	1.3050e-02	1.3586e-02	1.3986e-02
8.332000e-01	6.7323e-03	8.0626e-03	9.2268e-03	1.0244e-02	1.0965e-02	1.1618e-02	1.2339e-02	1.2774e-02	1.3331e-02	1.3887e-02	1.4296e-02
8.430000e-01	6.8999e-03	8.2584e-03	9.4435e-03	1.0481e-02	1.1206e-02	1.1880e-02	1.2617e-02	1.3063e-02	1.3632e-02	1.4199e-02	1.4621e-02
8.528000e-01	7.0708e-03	8.4580e-03	9.6690e-03	1.0725e-02	1.1475e-02	1.2155e-02	1.2902e-02	1.3361e-02	1.3948e-02	1.4535e-02	1.4971e-02
8.626000e-01	7.2615e-03	8.6830e-03	9.9172e-03	1.0996e-02	1.1750e-02	1.2451e-02	1.3217e-02	1.3686e-02	1.4286e-02	1.4885e-02	1.5338e-02
8.724000e-01	7.4625e-03	8.9153e-03	1.0175e-02	1.1280e-02	1.2058e-02	1.2763e-02	1.3544e-02	1.4023e-02	1.4643e-02	1.5264e-02	1.5737e-02
8.822000e-01	7.6797e-03	9.1745e-03	1.0466e-02	1.1592e-02	1.2383e-02	1.3111e-02	1.3906e-02	1.4401e-02	1.5033e-02	1.5668e-02	1.6151e-02
8.920000e-01	7.9230e-03	9.4553e-03	1.0774e-02	1.1933e-02	1.2740e-02	1.3473e-02	1.4298e-02	1.4793e-02	1.5439e-02	1.6099e-02	1.6618e-02
9.018000e-01	8.1874e-03	9.7584e-03	1.1116e-02	1.2297e-02	1.3139e-02	1.3894e-02	1.4719e-02	1.5241e-02	1.5907e-02	1.6583e-02	1.7110e-02
9.116000e-01	8.4819e-03	1.0110e-02	1.1506e-02	1.2716e-02	1.3572e-02	1.4357e-02	1.5211e-02	1.5733e-02	1.6411e-02	1.7103e-02	1.7652e-02
9.214000e-01	8.8323e-03	1.0514e-02	1.1948e-02	1.3190e-02	1.4058e-02	1.4874e-02	1.5764e-02	1.6279e-02	1.6965e-02	1.7684e-02	1.8269e-02
9.312000e-01	9.2280e-03	1.0974e-02	1.2460e-02	1.3741e-02	1.4633e-02	1.5459e-02	1.6398e-02	1.6919e-02	1.7627e-02	1.8365e-02	1.8963e-02
9.410000e-01	9.6848e-03	1.1505e-02	1.3057e-02	1.4398e-02	1.5314e-02	1.6158e-02	1.7137e-02	1.7698e-02	1.8416e-02	1.9167e-02	1.9775e-02
9.508000e-01	1.0237e-02	1.2140e-02	1.3768e-02	1.5178e-02	1.6159e-02	1.7031e-02	1.8042e-02	1.8622e-02	1.9378e-02	2.0172e-02	2.0786e-02
9.606000e-01	1.0969e-02	1.2963e-02	1.4658e-02	1.6135e-02	1.7223e-02	1.8197e-02	1.9235e-02	1.9819e-02	2.0604e-02	2.1450e-02	2.2125e-02
9.704000e-01	1.1979e-02	1.4124e-02	1.5945e-02	1.7499e-02	1.8598e-02	1.9685e-02	2.0861e-02	2.1525e-02	2.2304e-02	2.3209e-02	2.3968e-02
9.802000e-01	1.3517e-02	1.5900e-02	1.7890e-02	1.9642e-02	2.0907e-02	2.2001e-02	2.3239e-02	2.4075e-02	2.5096e-02	2.6157e-02	2.6963e-02
9.900000e-01	1.6791e-02	1.9631e-02	2.2026e-02	2.4115e-02	2.5560e-02	2.6843e-02	2.8369e-02	2.9374e-02	3.0645e-02	3.1975e-02	3.3011e-02
9.900503e-01	1.6818e-02	1.9666e-02	2.2060e-02	2.4151e-02	2.5597e-02	2.6880e-02	2.8416e-02	2.9414e-02	3.0689e-02	3.2023e-02	3.3065e-02
9.901005e-01	1.6845e-02	1.9702e-02	2.2094e-02	2.4187e-02	2.5634e-02	2.6922e-02	2.8462e-02	2.9455e-02	3.0733e-02	3.2072e-02	3.3119e-02
9.901508e-01	1.6872e-02	1.9737e-02	2.2128e-02	2.4224e-02	2.5671e-02	2.6970e-02	2.8509e-02	2.9495e-02	3.0778e-02	3.2120e-02	3.3174e-02
9.902010e-01	1.6900e-02	1.9773e-02	2.2161e-02	2.4260e-02	2.5713e-02	2.7018e-02	2.8556e-02	2.9543e-02	3.0822e-02	3.2169e-02	3.3228e-02
9.902513e-01	1.6927e-02	1.9808e-02	2.2195e-02	2.4296e-02	2.5757e-02	2.7065e-02	2.8602e-02	2.9593e-02	3.0866e-02	3.2217e-02	3.3282e-02
9.903015e-01	1.6956e-02	1.9844e-02	2.2229e-02	2.4332e-02	2.5802e-02	2.7113e-02	2.8649e-02	2.9642e-02	3.0912e-02	3.2266e-02	3.3336e-02
9.903518e-01	1.6990e-02	1.9879e-02	2.2262e-02	2.4369e-02	2.5847e-02	2.7161e-02	2.8695e-02	2.9692e-02	3.0966e-02	3.2314e-02	3.3390e-02
9.904020e-01	1.7024e-02	1.9915e-02	2.2296e-02	2.4405e-02	2.5891e-02	2.7208e-02	2.8742e-02	2.9742e-02	3.1019e-02	3.2363e-02	3.3444e-02
9.904523e-01	1.7059e-02	1.9951e-02	2.2330e-02	2.4441e-02	2.5936e-02	2.7256e-02	2.8788e-02	2.9792e-02	3.1072e-02	3.2420e-02	3.3499e-02
9.905025e-01	1.7093e-02	1.9986e-02	2.2364e-02	2.4477e-02	2.5981e-02	2.7304e-02	2.8835e-02	2.9842e-02	3.1125e-02	3.2478e-02	3.3553e-02
9.905528e-01	1.7127e-02	2.0022e-02	2.2409e-02	2.4513e-02	2.6026e-02	2.7351e-02	2.8881e-02	2.9891e-02	3.1178e-02	3.2535e-02	3.3607e-02
9.906030e-01	1.7161e-02	2.0057e-02	2.2453e-02	2.4556e-02	2.6070e-02	2.7399e-02	2.8928e-02	2.9941e-02	3.1232e-02	3.2593e-02	3.3661e-02
9.906533e-01	1.7195e-02	2.0093e-02	2.2497e-02	2.4602e-02	2.6115e-02	2.7446e-02	2.8975e-02	2.9991e-02	3.1285e-02	3.2650e-02	3.3715e-02
9.907035e-01	1.7230e-02	2.0128e-02	2.2541e-02	2.4648e-02	2.6160e-02	2.7494e-02	2.9021e-02	3.0041e-02	3.1338e-02	3.2708e-02	3.3769e-02
9.907538e-01	1.7264e-02	2.0164e-02	2.2585e-02	2.4694e-02	2.6205e-02	2.7542e-02	2.9068e-02	3.0091e-02	3.1391e-02	3.2765e-02	3.3824e-02
9.908040e-01	1.7298e-02	2.0200e-02	2.2629e-02	2.4740e-02	2.6249e-02	2.7589e-02	2.9114e-02	3.0140e-02	3.1444e-02	3.2823e-02	3.3878e-02
9.908543e-01	1.7332e-02	2.0235e-02	2.2673e-02	2.4786e-02	2.6294e-02	2.7637e-02	2.9161e-02	3.0190e-02	3.1498e-02	3.2880e-02	3.3939e-02
9.909045e-01	1.7366e-02	2.0271e-02	2.2717e-02	2.4832e-02	2.6339e-02	2.7685e-02	2.9207e-02	3.0240e-02	3.1551e-02	3.2938e-02	3.4003e-02
9.909548e-01	1.7401e-02	2.0306e-02	2.2761e-02	2.4878e-02	2.6383e-02	2.7732e-02	2.9254e-02	3.0290e-02	3.1604e-02	3.2995e-02	3.4067e-02
9.910050e-01	1.7435e-02	2.0342e-02	2.2806e-02	2.4925e-02	2.6428e-02	2.7780e-02	2.9300e-02	3.0340e-02	3.1657e-02	3.3053e-02	3.4131e-02
9.910553e-01	1.7469e-02	2.0377e-02	2.2850e-02	2.4971e-02	2.6473e-02	2.7828e-02	2.9347e-02	3.0389e-02	3.1710e-02	3.3110e-02	3.4195e-02
9.911055e-01	1.7503e-02	2.0419e-02	2.2894e-02	2.5017e-02	2.6518e-02	2.7875e-02	2.9394e-02	3.0439e-02	3.1764e-02	3.3168e-02	3.4258e-02
9.911558e-01	1.7537e-02	2.0464e-02	2.2938e-02	2.5063e-02	2.6562e-02	2.7923e-02	2.9440e-02	3.0489e-02	3.1817e-02	3.3226e-02	3.4322e-02
9.912060e-01	1.7572e-02	2.0508e-02	2.2982e-02	2.5109e-02	2.6607e-02	2.7971e-02	2.9487e-02	3.0539e-02	3.1870e-02	3.3283e-02	3.4386e-02
9.912563e-01	1.7606e-02	2.0553e-02	2.3026e-02	2.5155e-02	2.6652e-02	2.8018e-02	2.9541e-02	3.0589e-02	3.1923e-02	3.3341e-02	3.4450e-02
9.913065e-01	1.7640e-02	2.0598e-02	2.3070e-02	2.5201e-02	2.6696e-02	2.8066e-02	2.9601e-02	3.0638e-02	3.1976e-02	3.3398e-02	3.4514e-02
9.913568e-01	1.7674e-02	2.0642e-02	2.3114e-02	2.5247e-02	2.6741e-02	2.8113e-02	2.9661e-02	3.0688e-02	3.2030e-02	3.3456e-02	3.4578e-02
9.914070e-01	1.7708e-02	2.0687e-02	2.3159e-02	2.5293e-02	2.6786e-02	2.8161e-02	2.9721e-02	3.0738e-02	3.2083e-02	3.3513e-02	3.4642e-02
9.914573e-01	1.7743e-02	2.0732e-02	2.3203e-02	2.5339e-02	2.6831e-02	2.8216e-02	2.9781e-02	3.0788e-02	3.2136e-02	3.3571e-02	3.4706e-02
9.915075e-01	1.7781e-02	2.0776e-02	2.3247e-02	2.5385e-02	2.6875e-02	2.8273e-02	2.9841e-02	3.0838e-02	3.2189e-02	3.3628e-02	3.4769e-02
9.915578e-01	1.7821e-02	2.0821e-02	2.3291e-02	2.5431e-02	2.6925e-02	2.8330e-02	2.9900e-02	3.0888e-02	3.2242e-02	3.3686e-02	3.4833e-02
9.916080e-01	1.7861e-02	2.0865e-02	2.3335e-02	2.5477e-02	2.6980e-02	2.8387e-02	2.9960e-02	3.0948e-02	3.2296e-02	3.3743e-02	3.4897e-02
9.916583e-01	1.7901e-02	2.0910e-02	2.3379e-02	2.5523e-02	2.7036e-02	2.8444e-02	3.0020e-02	3.1012e-02	3.2349e-02	3.3801e-02	3.4961e-02
9.917085e-01	1.7941e-02	2.0955e-02	2.3424e-02	2.5569e-02	2.7091e-02	2.8500e-02	3.0080e-02	3.1076e-02	3.2412e-02	3.3858e-02	3.5025e-02
9.917588e-01	1.7981e-02	2.0999e-02	2.3479e-02	2.5615e-02	2.7147e-02	2.8557e-02	3.0140e-02	3.1140e-02	3.2478e-02	3.3921e-02	3.5089e-02
9.918090e-01	1.8021e-02	2.1044e-02	2.3534e-02	2.5661e-02	2.7202e-02	2.8614e-02	3.0200e-02	3.1204e-02	3.2544e-02	3.3991e-02	3.5153e-02
9.918593e-01	1.8061e-02	2.1089e-02	2.3588e-02	2.5714e-02	2.7258e-02	2.8671e-02	3.0260e-02	3.1267e-02	3.2610e-02	3.4061e-02	3.5217e-02
9.919095e-01	1.8101e-02	2.1133e-02	2.3643e-02	2.5774e-02	2.7313e-02	2.8728e-02	3.0319e-02	3.1331e-02	3.2676e-02	3.4131e-02	3.5280e-02
9.919598e-01	1.8141e-02	2.1178e-02	2.3698e-02	2.5833e-02	2.7369e-02	2.8785e-02	3.0379e-02	3.1395e-02	3.2742e-02	3.4201e-02	3.5344e-02
9.920101e-01	1.8181e-02	2.1222e-02	2.3752e-02	2.5893e-02	2.7424e-02	2.8842e-02	3.0439e-02	3.1459e-02	3.2808e-02	3.4271e-02	3.5408e-02
9.920603e-01	1.8220e-02	2.1267e-02	2.3807e-02	2.5953e-02	2.7480e-02	2.8899e-02	3.0499e-02	3.1523e-02	3.2873e-02	3.4341e-02	3.5472e-02
9.921106e-01	1.8260e-02	2.1312e-02	2.3862e-02	2.6013e-02	2.7535e-02	2.8956e-02	3.0559e-02	3.1587e-02	3.2939e-02	3.4411e-02	3.5544e-02
9.921608e-01	1.8300e-02	2.1357e-02	2.3917e-02	2.6072e-02	2.7591e-02	2.9013e-02	3.0619e-02	3.1651e-02	3.3005e-02	3.4481e-02	3.5621e-02
9.922111e-01	1.8340e-02	2.1409e-02	2.3971e-02	2.6132e-02	2.7646e-02	2.9070e-02	3.0678e-02	3.1715e-02	3.3071e-02	3.4552e-02	3.5698e-02
9.922613e-01	1.8380e-02	2.1461e-02	2.4026e-02	2.6192e-02	2.7702e-02	2.9127e-02	3.0738e-02	3.1779e-02	3.3137e-02	3.4622e-02	3.5775e-02
9.923116e-01	1.8420e-02	2.1514e-02	2.4081e-02	2.6252e-02	2.7757e-02	2.9184e-02	3.0798e-02	3.1843e-02	3.3203e-02	3.4692e-02	3.5852e-02
9.923618e-01	1.8460e-02	2.1566e-02	2.4135e-02	2.6312e-02	2.7813e-02	2.9241e-02	3.0858e-02	3.1907e-02	3.3269e-02	3.4762e-02	3.5929e-02
9.924121e-01	1.8500e-02	2.1618e-02	2.4190e-02	2.6371e-02	2.7868e-02	2.9298e-02	3.0921e-02	3.1971e-02	3.3335e-02	3.4832e-02	3.6006e-02
9.924623e-01	1.8540e-02	2.1670e-02	2.4245e-02	2.6431e-02	2.7924e-02	2.9355e-02	3.0992e-02	3.2035e-02	3.3401e-02	3.4902e-02	3.6083e-02
9.925126e-01	1.8580e-02	2.1723e-02	2.4300e-02	2.6491e-02	2.7979e-02	2.9412e-02	3.1064e-02	3.2099e-02	3.3467e-02	3.4972e-02	3.6160e-02
9.925628e-01	1.8626e-02	2.1775e-02	2.4354e-02	2.6551e-02	2.8035e-02	2.9469e-02	3.1135e-02	3.2163e-02	3.3533e-02	3.5042e-02	3.6237e-02
9.926131e-01	1.8673e-02	2.1827e-02	2.4409e-02	2.6611e-02	2.8090e-02	2.9530e-02	3.1206e-02	3.2227e-02	3.3599e-02	3.5112e-02	3.6314e-02
9.926633e-01	1.8721e-02	2.1879e-02	2.4464e-02	2.6670e-02	2.8146e-02	2.9600e-02	3.1278e-02	3.2291e-02	3.3665e-02	3.5182e-02	3.6391e-02
9.927136e-01	1.8769e-02	2.1932e-02	2.4518e-02	2.6730e-02	2.8209e-02	2.9670e-02	3.1349e-02	3.2355e-02	3.3731e-02	3.5252e-02	3.6468e-02
9.927638e-01	1.8816e-02	2.1984e-02	2.4583e-02	2.6790e-02	2.8282e-02	2.9741e-02	3.1420e-02	3.2434e-02	3.3797e-02	3.5322e-02	3.6545e-02
9.928141e-01	1.8864e-02	2.2036e-02	2.4648e-02	2.6850e-02	2.8354e-02	2.9811e-02	3.1492e-02	3.2514e-02	3.3863e-02	3.5392e-02	3.6622e-02
9.928643e-01	1.8911e-02	2.2088e-02	2.4714e-02	2.6912e-02	2.8426e-02	2.9881e-02	3.1563e-02	3.2594e-02	3.3940e-02	3.5462e-02	3.6699e-02
9.929146e-01	1.8959e-02	2.2141e-02	2.4780e-02	2.6986e-02	2.8498e-02	2.9951e-02	3.1634e-02	3.2675e-02	3.4026e-02	3.5542e-02	3.6776e-02
9.929648e-01	1.9007e-02	2.2193e-02	2.4845e-02	2.7060e-02	2.8570e-02	3.0021e-02	3.1705e-02	3.2755e-02	3.4112e-02	3.5631e-02	3.6853e-02
9.930151e-01	1.9054e-02	2.2245e-02	2.4911e-02	2.7135e-02	2.8642e-02	3.0091e-02	3.1777e-02	3.2836e-02	3.4197e-02	3.5719e-02	3.6930e-02
9.930653e-01	1.9102e-02	2.2297e-02	2.4977e-02	2.7209e-02	2.8714e-02	3.0161e-02	3.1848e-02	3.2916e-02	3.4283e-02	3.5807e-02	3.7007e-02
9.931156e-01	1.9149e-02	2.2350e-02	2.5043e-02	2.7284e-02	2.8786e-02	3.0231e-02	3.1919e-02	3.2996e-02	3.4369e-02	3.5896e-02	3.7084e-02
9.931658e-01	1.9197e-02	2.2410e-02	2.5108e-02	2.7358e-02	2.8858e-02	3.0301e-02	3.1991e-02	3.3077e-02	3.4455e-02	3.5984e-02	3.7161e-02
9.932161e-01	1.9245e-02	2.2473e-02	2.5174e-02	2.7432e-02	2.8931e-02	3.0371e-02	3.2062e-02	3.3157e-02	3.4540e-02	3.6073e-02	3.7254e-02
9.932663e-01	1.9292e-02	2.2535e-02	2.5240e-02	2.7507e-02	2.9003e-02	3.0441e-02	3.2133e-02	3.3238e-02	3.4626e-02	3.6161e-02	3.7350e-02
9.933166e-01	1.9340e-02	2.2598e-02	2.5305e-02	2.7581e-02	2.9075e-02	3.0511e-02	3.2205e-02	3.3318e-02	3.4712e-02	3.6249e-02	3.7445e-02
9.933668e-01	1.9387e-02	2.2660e-02	2.5371e-02	2.7656e-02	2.9147e-02	3.0581e-02	3.2276e-02	3.3398e-02	3.4797e-02	3.6338e-02	3.7541e-02
9.934171e-01	1.9435e-02	2.2723e-02	2.5437e-02	2.7730e-02	2.9219e-02	3.0651e-02	3.2347e-02	3.3479e-02	3.4883e-02	3.6426e-02	3.7637e-02
9.934673e-01	1.9486e-02	2.2785e-02	2.5503e-02	2.7804e-02	2.9291e-02	3.0721e-02	3.2431e-02	3.3559e-02	3.4969e-02	3.6515e-02	3.7733e-02
9.935176e-01	1.9544e-02	2.2848e-02	2.5568e-02	2.7879e-02	2.9363e-02	3.0791e-02	3.2519e-02	3.3640e-02	3.5054e-02	3.6603e-02	3.7828e-02
9.935678e-01	1.9603e-02	2.2911e-02	2.5634e-02	2.7953e-02	2.9435e-02	3.0861e-02	3.2606e-02	3.3720e-02	3.5140e-02	3.6691e-02	3.7924e-02
9.936181e-01	1.9661e-02	2.2973e-02	2.5702e-02	2.8028e-02	2.9508e-02	3.0940e-02	3.2693e-02	3.3800e-02	3.5226e-02	3.6780e-02	3.8020e-02
9.936683e-01	1.9719e-02	2.3036e-02	2.5780e-02	2.8102e-02	2.9599e-02	3.1030e-02	3.2781e-02	3.3881e-02	3.5311e-02	3.6868e-02	3.8115e-02
9.937186e-01	1.9778e-02	2.3098e-02	2.5858e-02	2.8177e-02	2.9690e-02	3.1119e-02	3.2868e-02	3.3975e-02	3.5397e-02	3.6957e-02	3.8211e-02
9.937688e-01	1.9836e-02	2.3161e-02	2.5936e-02	2.8266e-02	2.9780e-02	3.1209e-02	3.2955e-02	3.4071e-02	3.5483e-02	3.7045e-02	3.8307e-02
9.938191e-01	1.9894e-02	2.3223e-02	2.6014e-02	2.8354e-02	2.9871e-02	3.1299e-02	3.3043e-02	3.4167e-02	3.5584e-02	3.7134e-02	3.8402e-02
9.938693e-01	1.9953e-02	2.3286e-02	2.6092e-02	2.8443e-02	2.9962e-02	3.1388e-02	3.3130e-02	3.4263e-02	3.5689e-02	3.7236e-02	3.8498e-02
9.939196e-01	2.0011e-02	2.3349e-02	2.6170e-02	2.8532e-02	3.0052e-02	3.1478e-02	3.3217e-02	3.4359e-02	3.5793e-02	3.7351e-02	3.8594e-02
9.939698e-01	2.0069e-02	2.3411e-02	2.6248e-02	2.8620e-02	3.0143e-02	3.1568e-02	3.3305e-02	3.4455e-02	3.5898e-02	3.7466e-02	3.8690e-02
9.940201e-01	2.0127e-02	2.3486e-02	2.6326e-02	2.8709e-02	3.0233e-02	3.1657e-02	3.3392e-02	3.4551e-02	3.6002e-02	3.7580e-02	3.8785e-02
9.940704e-01	2.0186e-02	2.3563e-02	2.6404e-02	2.8798e-02	3.0324e-02	3.1747e-02	3.3479e-02	3.4647e-02	3.6107e-02	3.7695e-02	3.8881e-02
9.941206e-01	2.0244e-02	2.3640e-02	2.6482e-02	2.8886e-02	3.0415e-02	3.1837e-02	3.3567e-02	3.4744e-02	3.6211e-02	3.7810e-02	3.8991e-02
9.941709e-01	2.0302e-02	2.3717e-02	2.6560e-02	2.8975e-02	3.0505e-02	3.1926e-02	3.3654e-02	3.4840e-02	3.6316e-02	3.7925e-02	3.9116e-02
9.942211e-01	2.0361e-02	2.3794e-02	2.6638e-02	2.9064e-02	3.0596e-02	3.2016e-02	3.3741e-02	3.4936e-02	3.6421e-02	3.8039e-02	3.9240e-02
9.942714e-01	2.0424e-02	2.3871e-02	2.6716e-02	2.9152e-02	3.0687e-02	3.2106e-02	3.3829e-02	3.5032e-02	3.6525e-02	3.8154e-02	3.9365e-02
9.943216e-01	2.0492e-02	2.3948e-02	2.6794e-02	2.9241e-02	3.0777e-02	3.2195e-02	3.3923e-02	3.5128e-02	3.6630e-02	3.8269e-02	3.9490e-02
9.943719e-01	2.0560e-02	2.4024e-02	2.6872e-02	2.9329e-02	3.0868e-02	3.2285e-02	3.4034e-02	3.5224e-02	3.6734e-02	3.8384e-02	3.9615e-02
9.944221e-01	2.0628e-02	2.4101e-02	2.6961e-02	2.9418e-02	3.0972e-02	3.2378e-02	3.4145e-02	3.5320e-02	3.6839e-02	3.8498e-02	3.9740e-02
9.944724e-01	2.0696e-02	2.4178e-02	2.7056e-02	2.9507e-02	3.1084e-02	3.2493e-02	3.4256e-02	3.5416e-02	3.6943e-02	3.8613e-02	3.9865e-02
9.945226e-01	2.0764e-02	2.4255e-02	2.7151e-02	2.9613e-02	3.1196e-02	3.2607e-02	3.4368e-02	3.5516e-02	3.7048e-02	3.8728e-02	3.9990e-02
9.945729e-01	2.0832e-02	2.4332e-02	2.7246e-02	2.9718e-02	3.1308e-02	3.2722e-02	3.4479e-02	3.5634e-02	3.7152e-02	3.8843e-02	4.0115e-02
9.946231e-01	2.0900e-02	2.4409e-02	2.7340e-02	2.9824e-02	3.1419e-02	3.2836e-02	3.4590e-02	3.5752e-02	3.7273e-02	3.8962e-02	4.0240e-02
9.946734e-01	2.0968e-02	2.4486e-02	2.7435e-02	2.9930e-02	3.1531e-02	3.2950e-02	3.4701e-02	3.5870e-02	3.7399e-02	3.9098e-02	4.0365e-02
9.947236e-01	2.1036e-02	2.4569e-02	2.7530e-02	3.0035e-02	3.1643e-02	3.3065e-02	3.4813e-02	3.5988e-02	3.7525e-02	3.9234e-02	4.0490e-02
9.947739e-01	2.1104e-02	2.4659e-02	2.7625e-02	3.0141e-02	3.1755e-02	3.3179e-02	3.4924e-02	3.6106e-02	3.7651e-02	3.9370e-02	4.0615e-02
9.948241e-01	2.1172e-02	2.4749e-02	2.7720e-02	3.0247e-02	3.1866e-02	3.3294e-02	3.5035e-02	3.6224e-02	3.7777e-02	3.9507e-02	4.0739e-02
9.948744e-01	2.1240e-02	2.4838e-02	2.7815e-02	3.0352e-02	3.1978e-02	3.3408e-02	3.5146e-02	3.6342e-02	3.7903e-02	3.9643e-02	4.0886e-02
9.949246e-01	2.1308e-02	2.4928e-02	2.7910e-02	3.0458e-02	3.2090e-02	3.3523e-02	3.5258e-02	3.6460e-02	3.8028e-02	3.9779e-02	4.1039e-02
9.949749e-01	2.1379e-02	2.5018e-02	2.8005e-02	3.0564e-02	3.2202e-02	3.3637e-02	3.5369e-02	3.6578e-02	3.8154e-02	3.9915e-02	4.1193e-02
9.950251e-01	2.1456e-02	2.5108e-02	2.8100e-02	3.0669e-02	3.2314e-02	3.3752e-02	3.5480e-02	3.6697e-02	3.8280e-02	4.0051e-02	4.1347e-02
9.950754e-01	2.1534e-02	2.5198e-02	2.8199e-02	3.0775e-02	3.2436e-02	3.3866e-02	3.5618e-02	3.6815e-02	3.8406e-02	4.0187e-02	4.1501e-02
9.951256e-01	2.1611e-02	2.5287e-02	2.8313e-02	3.0880e-02	3.2568e-02	3.4003e-02	3.5761e-02	3.6933e-02	3.8532e-02	4.0323e-02	4.1655e-02
9.951759e-01	2.1688e-02	2.5377e-02	2.8428e-02	3.1005e-02	3.2699e-02	3.4146e-02	3.5904e-02	3.7051e-02	3.8658e-02	4.0459e-02	4.1809e-02
9.952261e-01	2.1765e-02	2.5467e-02	2.8542e-02	3.1134e-02	3.2830e-02	3.4289e-02	3.6047e-02	3.7169e-02	3.8783e-02	4.0595e-02	4.1963e-02
9.952764e-01	2.1842e-02	2.5557e-02	2.8657e-02	3.1263e-02	3.2962e-02	3.4432e-02	3.6189e-02	3.7318e-02	3.8909e-02	4.0732e-02	4.2117e-02
9.953266e-01	2.1919e-02	2.5647e-02	2.8771e-02	3.1392e-02	3.3093e-02	3.4575e-02	3.6332e-02	3.7469e-02	3.9060e-02	4.0888e-02	4.2271e-02
9.953769e-01	2.1996e-02	2.5743e-02	2.8886e-02	3.1521e-02	3.3224e-02	3.4719e-02	3.6475e-02	3.7620e-02	3.9217e-02	4.1053e-02	4.2424e-02
9.954271e-01	2.2074e-02	2.5845e-02	2.9000e-02	3.1650e-02	3.3356e-02	3.4862e-02	3.6617e-02	3.7770e-02	3.9374e-02	4.1218e-02	4.2578e-02
9.954774e-01	2.2151e-02	2.5947e-02	2.9115e-02	3.1780e-02	3.3487e-02	3.5005e-02	3.6760e-02	3.7921e-02	3.9530e-02	4.1383e-02	4.2738e-02
9.955276e-01	2.2228e-02	2.6049e-02	2.9229e-02	3.1909e-02	3.3618e-02	3.5148e-02	3.6903e-02	3.8072e-02	3.9687e-02	4.1549e-02	4.2922e-02
9.955779e-01	2.2305e-02	2.6151e-02	2.9343e-02	3.2038e-02	3.3750e-02	3.5291e-02	3.7045e-02	3.8223e-02	3.9844e-02	4.1714e-02	4.3105e-02
9.956281e-01	2.2385e-02	2.6253e-02	2.9458e-02	3.2167e-02	3.3881e-02	3.5434e-02	3.7191e-02	3.8374e-02	4.0000e-02	4.1879e-02	4.3289e-02
9.956784e-01	2.2474e-02	2.6355e-02	2.9581e-02	3.2296e-02	3.4036e-02	3.5592e-02	3.7369e-02	3.8525e-02	4.0157e-02	4.2044e-02	4.3472e-02
9.957286e-01	2.2563e-02	2.6457e-02	2.9711e-02	3.2437e-02	3.4194e-02	3.5759e-02	3.7546e-02	3.8675e-02	4.0314e-02	4.2209e-02	4.3656e-02
9.957789e-01	2.2651e-02	2.6559e-02	2.9840e-02	3.2590e-02	3.4352e-02	3.5926e-02	3.7724e-02	3.8826e-02	4.0470e-02	4.2375e-02	4.3839e-02
9.958291e-01	2.2740e-02	2.6661e-02	2.9970e-02	3.2743e-02	3.4509e-02	3.6094e-02	3.7901e-02	3.8989e-02	4.0627e-02	4.2540e-02	4.4023e-02
9.958794e-01	2.2829e-02	2.6763e-02	3.0099e-02	3.2897e-02	3.4667e-02	3.6261e-02	3.8079e-02	3.9181e-02	4.0787e-02	4.2706e-02	4.4206e-02
9.959296e-01	2.2917e-02	2.6865e-02	3.0229e-02	3.3050e-02	3.4825e-02	3.6429e-02	3.8256e-02	3.9372e-02	4.0991e-02	4.2914e-02	4.4390e-02
9.959799e-01	2.3006e-02	2.6977e-02	3.0358e-02	3.3203e-02	3.4983e-02	3.6596e-02	3.8433e-02	3.9564e-02	4.1195e-02	4.3121e-02	4.4573e-02
9.960302e-01	2.3094e-02	2.7094e-02	3.0488e-02	3.3357e-02	3.5140e-02	3.6764e-02	3.8611e-02	3.9755e-02	4.1399e-02	4.3329e-02	4.4765e-02
9.960804e-01	2.3183e-02	2.7211e-02	3.0617e-02	3.3510e-02	3.5298e-02	3.6931e-02	3.8788e-02	3.9947e-02	4.1602e-02	4.3537e-02	4.4990e-02
9.961307e-01	2.3272e-02	2.7328e-02	3.0747e-02	3.3663e-02	3.5456e-02	3.7099e-02	3.8972e-02	4.0138e-02	4.1806e-02	4.3744e-02	4.5215e-02
9.961809e-01	2.3360e-02	2.7445e-02	3.0877e-02	3.3816e-02	3.5641e-02	3.7284e-02	3.9181e-02	4.0330e-02	4.2010e-02	4.3952e-02	4.5440e-02
9.962312e-01	2.3454e-02	2.7562e-02	3.1021e-02	3.3980e-02	3.5836e-02	3.7483e-02	3.9390e-02	4.0521e-02	4.2214e-02	4.4160e-02	4.5665e-02
9.962814e-01	2.3557e-02	2.7679e-02	3.1169e-02	3.4153e-02	3.6031e-02	3.7683e-02	3.9599e-02	4.0713e-02	4.2418e-02	4.4367e-02	4.5890e-02
9.963317e-01	2.3660e-02	2.7796e-02	3.1317e-02	3.4327e-02	3.6226e-02	3.7882e-02	3.9807e-02	4.0935e-02	4.2622e-02	4.4575e-02	4.6115e-02
9.963819e-01	2.3764e-02	2.7913e-02	3.1465e-02	3.4500e-02	3.6421e-02	3.8082e-02	4.0016e-02	4.1172e-02	4.2855e-02	4.4801e-02	4.6340e-02
9.964322e-01	2.3867e-02	2.8030e-02	3.1612e-02	3.4673e-02	3.6616e-02	3.8282e-02	4.0225e-02	4.1408e-02	4.3106e-02	4.5070e-02	4.6565e-02
9.964824e-01	2.3970e-02	2.8147e-02	3.1760e-02	3.4847e-02	3.6811e-02	3.8481e-02	4.0434e-02	4.1645e-02	4.3356e-02	4.5339e-02	4.6790e-02
9.965327e-01	2.4073e-02	2.8280e-02	3.1908e-02	3.5020e-02	3.7006e-02	3.8681e-02	4.0643e-02	4.1881e-02	4.3607e-02	4.5607e-02	4.7065e-02
9.965829e-01	2.4176e-02	2.8416e-02	3.2056e-02	3.5193e-02	3.7205e-02	3.8880e-02	4.0866e-02	4.2118e-02	4.3858e-02	4.5876e-02	4.7352e-02
9.966332e-01	2.4279e-02	2.8552e-02	3.2204e-02	3.5367e-02	3.7426e-02	3.9114e-02	4.1115e-02	4.2354e-02	4.4109e-02	4.6145e-02	4.7638e-02
9.966834e-01	2.4383e-02	2.8689e-02	3.2352e-02	3.5547e-02	3.7647e-02	3.9358e-02	4.1363e-02	4.2591e-02	4.4360e-02	4.6413e-02	4.7925e-02
9.967337e-01	2.4486e-02	2.8825e-02	3.2521e-02	3.5745e-02	3.7868e-02	3.9603e-02	4.1611e-02	4.2848e-02	4.4611e-02	4.6682e-02	4.8212e-02
9.967839e-01	2.4601e-02	2.8962e-02	3.2693e-02	3.5943e-02	3.8090e-02	3.9848e-02	4.1859e-02	4.3124e-02	4.4890e-02	4.6974e-02	4.8499e-02
9.968342e-01	2.4723e-02	2.9098e-02	3.2864e-02	3.6141e-02	3.8311e-02	4.0093e-02	4.2108e-02	4.3399e-02	4.5193e-02	4.7298e-02	4.8786e-02
9.968844e-01	2.4846e-02	2.9234e-02	3.3035e-02	3.6339e-02	3.8532e-02	4.0338e-02	4.2356e-02	4.3675e-02	4.5495e-02	4.7621e-02	4.9078e-02
9.969347e-01	2.4968e-02	2.9371e-02	3.3206e-02	3.6537e-02	3.8753e-02	4.0583e-02	4.2604e-02	4.3951e-02	4.5797e-02	4.7945e-02	4.9430e-02
9.969849e-01	2.5091e-02	2.9508e-02	3.3378e-02	3.6735e-02	3.8980e-02	4.0837e-02	4.2886e-02	4.4226e-02	4.6100e-02	4.8268e-02	4.9783e-02
9.970352e-01	2.5213e-02	2.9670e-02	3.3549e-02	3.6933e-02	3.9231e-02	4.1121e-02	4.3189e-02	4.4502e-02	4.6402e-02	4.8592e-02	5.0136e-02
9.970854e-01	2.5336e-02	2.9832e-02	3.3720e-02	3.7131e-02	3.9482e-02	4.1406e-02	4.3492e-02	4.4788e-02	4.6705e-02	4.8915e-02	5.0489e-02
9.971357e-01	2.5458e-02	2.9994e-02	3.3891e-02	3.7353e-02	3.9733e-02	4.1691e-02	4.3795e-02	4.5115e-02	4.7035e-02	4.9271e-02	5.0842e-02
9.971859e-01	2.5581e-02	3.0156e-02	3.4093e-02	3.7583e-02	3.9984e-02	4.1976e-02	4.4098e-02	4.5442e-02	4.7387e-02	4.9651e-02	5.1195e-02
9.972362e-01	2.5707e-02	3.0318e-02	3.4294e-02	3.7812e-02	4.0235e-02	4.2261e-02	4.4401e-02	4.5770e-02	4.7739e-02	5.0031e-02	5.1584e-02
9.972864e-01	2.5856e-02	3.0480e-02	3.4496e-02	3.8041e-02	4.0486e-02	4.2545e-02	4.4704e-02	4.6097e-02	4.8091e-02	5.0411e-02	5.2008e-02
9.973367e-01	2.6005e-02	3.0642e-02	3.4698e-02	3.8270e-02	4.0737e-02	4.2847e-02	4.5057e-02	4.6424e-02	4.8443e-02	5.0791e-02	5.2432e-02
9.973869e-01	2.6154e-02	3.0804e-02	3.4900e-02	3.8499e-02	4.1020e-02	4.3168e-02	4.5413e-02	4.6751e-02	4.8795e-02	5.1171e-02	5.2856e-02
9.974372e-01	2.6303e-02	3.0980e-02	3.5101e-02	3.8728e-02	4.1307e-02	4.3489e-02	4.5768e-02	4.7131e-02	4.9165e-02	5.1581e-02	5.3281e-02
9.974874e-01	2.6452e-02	3.1177e-02	3.5303e-02	3.8961e-02	4.1595e-02	4.3810e-02	4.6124e-02	4.7530e-02	4.9583e-02	5.2025e-02	5.3705e-02
9.975377e-01	2.6601e-02	3.1374e-02	3.5507e-02	3.9231e-02	4.1883e-02	4.4132e-02	4.6480e-02	4.7928e-02	5.0000e-02	5.2468e-02	5.4180e-02
9.975879e-01	2.6750e-02	3.1571e-02	3.5749e-02	3.9501e-02	4.2170e-02	4.4453e-02	4.6835e-02	4.8327e-02	5.0418e-02	5.2911e-02	5.4670e-02
9.976382e-01	2.6899e-02	3.1768e-02	3.5992e-02	3.9771e-02	4.2458e-02	4.4782e-02	4.7236e-02	4.8725e-02	5.0835e-02	5.3354e-02	5.5160e-02
9.976884e-01	2.7087e-02	3.1966e-02	3.6235e-02	4.0040e-02	4.2752e-02	4.5148e-02	4.7637e-02	4.9135e-02	5.1253e-02	5.3797e-02	5.5649e-02
9.977387e-01	2.7275e-02	3.2163e-02	3.6478e-02	4.0310e-02	4.3087e-02	4.5514e-02	4.8037e-02	4.9596e-02	5.1736e-02	5.4325e-02	5.6139e-02
9.977889e-01	2.7463e-02	3.2360e-02	3.6721e-02	4.0580e-02	4.3421e-02	4.5881e-02	4.8438e-02	5.0056e-02	5.2244e-02	5.4852e-02	5.6678e-02
9.978392e-01	2.7651e-02	3.2608e-02	3.6963e-02	4.0865e-02	4.3755e-02	4.6247e-02	4.8839e-02	5.0517e-02	5.2752e-02	5.5380e-02	5.7253e-02
9.978894e-01	2.7839e-02	3.2857e-02	3.7214e-02	4.1190e-02	4.4089e-02	4.6613e-02	4.9265e-02	5.0978e-02	5.3260e-02	5.5907e-02	5.7827e-02
9.979397e-01	2.8026e-02	3.3106e-02	3.7515e-02	4.1514e-02	4.4423e-02	4.7001e-02	4.9721e-02	5.1448e-02	5.3768e-02	5.6450e-02	5.8401e-02
9.979899e-01	2.8228e-02	3.3355e-02	3.7817e-02	4.1839e-02	4.4764e-02	4.7424e-02	5.0177e-02	5.1967e-02	5.4334e-02	5.7071e-02	5.8976e-02
9.980402e-01	2.8478e-02	3.3603e-02	3.8118e-02	4.2163e-02	4.5159e-02	4.7847e-02	5.0633e-02	5.2487e-02	5.4903e-02	5.7692e-02	5.9657e-02
9.980905e-01	2.8729e-02	3.3852e-02	3.8419e-02	4.2488e-02	4.5555e-02	4.8269e-02	5.1088e-02	5.3006e-02	5.5473e-02	5.8313e-02	6.0345e-02
9.981407e-01	2.8979e-02	3.4171e-02	3.8721e-02	4.2839e-02	4.5950e-02	4.8692e-02	5.1571e-02	5.3526e-02	5.6043e-02	5.8934e-02	6.1033e-02
9.981910e-01	2.9229e-02	3.4503e-02	3.9049e-02	4.3241e-02	4.6346e-02	4.9125e-02	5.2096e-02	5.4080e-02	5.6647e-02	5.9621e-02	6.1721e-02
9.982412e-01	2.9480e-02	3.4835e-02	3.9441e-02	4.3643e-02	4.6741e-02	4.9621e-02	5.2621e-02	5.4671e-02	5.7290e-02	6.0318e-02	6.2490e-02
9.982915e-01	2.9835e-02	3.5167e-02	3.9833e-02	4.4046e-02	4.7201e-02	5.0116e-02	5.3146e-02	5.5262e-02	5.7933e-02	6.1014e-02	6.3268e-02
9.983417e-01	3.0201e-02	3.5501e-02	4.0225e-02	4.4448e-02	4.7681e-02	5.0612e-02	5.3671e-02	5.5854e-02	5.8576e-02	6.1710e-02	6.4046e-02
9.983920e-01	3.0568e-02	3.5989e-02	4.0617e-02	4.4889e-02	4.8160e-02	5.1107e-02	5.4263e-02	5.6460e-02	5.9249e-02	6.2486e-02	6.4838e-02
9.984422e-01	3.0940e-02	3.6476e-02	4.1104e-02	4.5412e-02	4.8640e-02	5.1649e-02	5.4877e-02	5.7141e-02	5.9982e-02	6.3273e-02	6.5711e-02
9.984925e-01	3.1371e-02	3.6964e-02	4.1654e-02	4.5935e-02	4.9137e-02	5.2242e-02	5.5491e-02	5.7822e-02	6.0715e-02	6.4060e-02	6.6585e-02
9.985427e-01	3.1801e-02	3.7498e-02	4.2203e-02	4.6457e-02	4.9738e-02	5.2835e-02	5.6105e-02	5.8503e-02	6.1448e-02	6.4865e-02	6.7459e-02
9.985930e-01	3.2232e-02	3.8066e-02	4.2766e-02	4.7038e-02	5.0339e-02	5.3428e-02	5.6791e-02	5.9214e-02	6.2241e-02	6.5763e-02	6.8407e-02
9.986432e-01	3.2705e-02	3.8635e-02	4.3472e-02	4.7768e-02	5.0940e-02	5.4073e-02	5.7523e-02	6.0010e-02	6.3089e-02	6.6661e-02	6.9398e-02
9.986935e-01	3.3198e-02	3.9243e-02	4.4178e-02	4.8499e-02	5.1596e-02	5.4804e-02	5.8255e-02	6.0806e-02	6.3936e-02	6.7560e-02	7.0390e-02
9.987437e-01	3.3691e-02	3.9894e-02	4.4905e-02	4.9272e-02	5.2389e-02	5.5536e-02	5.8987e-02	6.1602e-02	6.4794e-02	6.8565e-02	7.1439e-02
9.987940e-01	3.4232e-02	4.0545e-02	4.5707e-02	5.0176e-02	5.3182e-02	5.6267e-02	5.9879e-02	6.2514e-02	6.5788e-02	6.9605e-02	7.2575e-02
9.988442e-01	3.4806e-02	4.1262e-02	4.6508e-02	5.1080e-02	5.4043e-02	5.7183e-02	6.0775e-02	6.3464e-02	6.6783e-02	7.0645e-02	7.3711e-02
9.988945e-01	3.5379e-02	4.2016e-02	4.7381e-02	5.2067e-02	5.5139e-02	5.8122e-02	6.1672e-02	6.4413e-02	6.7777e-02	7.1808e-02	7.4928e-02
9.989447e-01	3.6037e-02	4.2783e-02	4.8304e-02	5.3094e-02	5.6234e-02	5.9079e-02	6.2780e-02	6.5509e-02	6.8969e-02	7.3030e-02	7.6248e-02
9.989950e-01	3.6715e-02	4.3671e-02	4.9255e-02	5.4169e-02	5.7458e-02	6.0367e-02	6.3923e-02	6.6674e-02	7.0162e-02	7.4252e-02	7.7568e-02
9.990452e-01	3.7439e-02	4.4560e-02	5.0331e-02	5.5352e-02	5.8695e-02	6.1654e-02	6.5189e-02	6.7855e-02	7.1441e-02	7.5704e-02	7.9079e-02
9.990955e-01	3.8262e-02	4.5600e-02	5.1414e-02	5.6568e-02	6.0064e-02	6.3138e-02	6.6738e-02	6.9339e-02	7.2913e-02	7.7173e-02	8.0643e-02
9.991457e-01	3.9123e-02	4.6673e-02	5.2695e-02	5.7948e-02	6.1477e-02	6.4646e-02	6.8376e-02	7.0824e-02	7.4397e-02	7.8831e-02	8.2349e-02
9.991960e-01	4.0156e-02	4.7969e-02	5.4015e-02	5.9389e-02	6.3060e-02	6.6350e-02	7.0198e-02	7.2780e-02	7.6292e-02	8.0654e-02	8.4244e-02
9.992462e-01	4.1272e-02	4.9351e-02	5.5579e-02	6.1033e-02	6.4692e-02	6.8107e-02	7.2157e-02	7.4859e-02	7.8290e-02	8.2753e-02	8.6330e-02
9.992965e-01	4.2513e-02	5.0939e-02	5.7316e-02	6.2872e-02	6.6607e-02	7.0076e-02	7.4219e-02	7.7168e-02	8.0773e-02	8.5113e-02	8.8709e-02
9.993467e-01	4.3938e-02	5.2709e-02	5.9253e-02	6.4914e-02	6.8676e-02	7.2224e-02	7.6563e-02	7.9693e-02	8.3481e-02	8.7937e-02	9.1588e-02
9.993970e-01	4.5531e-02	5.4685e-02	6.1451e-02	6.7336e-02	7.0981e-02	7.4560e-02	7.9094e-02	8.2423e-02	8.6417e-02	9.1015e-02	9.4814e-02
9.994472e-01	4.7390e-02	5.6965e-02	6.3968e-02	7.0060e-02	7.3829e-02	7.7299e-02	8.1884e-02	8.5426e-02	8.9659e-02	9.4396e-02	9.8324e-02
9.994975e-01	4.9648e-02	5.9672e-02	6.6907e-02	7.3171e-02	7.7034e-02	8.0520e-02	8.5118e-02	8.8907e-02	9.3382e-02	9.8189e-02	1.0227e-01
9.995477e-01	5.2279e-02	6.2803e-02	7.0394e-02	7.6856e-02	8.0710e-02	8.4278e-02	8.8963e-02	9.2936e-02	9.7705e-02	1.0261e-01	1.0674e-01
9.995980e-01	5.5319e-02	6.6424e-02	7.4425e-02	8.1257e-02	8.5047e-02	8.8669e-02	9.3506e-02	9.7783e-02	1.0294e-01	1.0794e-01	1.1190e-01
9.996482e-01	5.8913e-02	7.0712e-02	7.9242e-02	8.6510e-02	9.0475e-02	9.3980e-02	9.9010e-02	1.0363e-01	1.0965e-01	1.1475e-01	1.1803e-01
9.996985e-01	6.3481e-02	7.6177e-02	8.5062e-02	9.2817e-02	9.6916e-02	1.0083e-01	1.0595e-01	1.1058e-01	1.1712e-01	1.2272e-01	1.2591e-01
9.997487e-01	6.9125e-02	8.2931e-02	9.2485e-02	1.0094e-01	1.0487e-01	1.0906e-01	1.1476e-01	1.1914e-01	1.2559e-01	1.3156e-01	1.3492e-01
9.997990e-01	7.6709e-02	9.2053e-02	1.0209e-01	1.1138e-01	1.1531e-01	1.1928e-01	1.2536e-01	1.2968e-01	1.3555e-01	1.4150e-01	1.4558e-01
9.998492e-01	8.8820e-02	1.0673e-01	1.1684e-01	1.2630e-01	1.2948e-01	1.3292e-01	1.3863e-01	1.4318e-01	1.4887e-01	1.5480e-01	1.5926e-01
9.998995e-01	1.1629e-01	1.3911e-01	1.4692e-01	1.5391e-01	1.5402e-01	1.5440e-01	1.5840e-01	1.6261e-01	1.6992e-01	1.7799e-01	1.8289e-01
9.999497e-01	2.2300e-01	2.6007e-01	2.6049e-01	2.6614e-01	2.5324e-01	2.3538e-01	2.2939e-01	2.2591e-01	2.3582e-01	2.5955e-01	2.7040e-01
1.000000e+00	3.1623e+01	3.1623e+01	3.1623e+01	3.1623e+01	3.1623e+01	3.1623e+01	3.1623e+01	3.1623e+01	3.1623e+01	3.1623e+01	3.1623e+01
