1.000000e-05	1.2100e-04	1.2100e-04	1.2100e-04	1.2100e-04	1.2100e-04	1.2099e-04	1.2097e-04	1.2096e-04	1.2096e-04	1.2094e-04	1.2092e-04	1.2091e-04	1.2089e-04	1.2088e-04	1.2087e-04	1.2087e-04	1.2087e-04	1.2087e-04	1.2086e-04	1.2076e-04
1.071519e-05	1.2101e-04	1.2101e-04	1.2101e-04	1.2101e-04	1.2101e-04	1.2101e-04	1.2099e-04	1.2098e-04	1.2097e-04	1.2095e-04	1.2093e-04	1.2092e-04	1.2090e-04	1.2089e-04	1.2088e-04	1.2088e-04	1.2088e-04	1.2088e-04	1.2087e-04	1.2076e-04
1.148154e-05	1.2103e-04	1.2103e-04	1.2103e-04	1.2103e-04	1.2103e-04	1.2103e-04	1.2101e-04	1.2100e-04	1.2098e-04	1.2096e-04	1.2095e-04	1.2093e-04	1.2091e-04	1.2090e-04	1.2089e-04	1.2089e-04	1.2089e-04	1.2089e-04	1.2088e-04	1.2076e-04
1.230269e-05	1.2105e-04	1.2105e-04	1.2105e-04	1.2105e-04	1.2105e-04	1.2105e-04	1.2102e-04	1.2101e-04	1.2100e-04	1.2098e-04	1.2096e-04	1.2094e-04	1.2092e-04	1.2091e-04	1.2090e-04	1.2090e-04	1.2089e-04	1.2090e-04	1.2089e-04	1.2076e-04
1.318257e-05	1.2107e-04	1.2107e-04	1.2107e-04	1.2107e-04	1.2107e-04	1.2107e-04	1.2104e-04	1.2103e-04	1.2102e-04	1.2099e-04	1.2097e-04	1.2095e-04	1.2094e-04	1.2092e-04	1.2091e-04	1.2090e-04	1.2090e-04	1.2091e-04	1.2089e-04	1.2076e-04
1.412538e-05	1.2109e-04	1.2109e-04	1.2110e-04	1.2110e-04	1.2110e-04	1.2109e-04	1.2106e-04	1.2105e-04	1.2104e-04	1.2101e-04	1.2099e-04	1.2097e-04	1.2095e-04	1.2093e-04	1.2092e-04	1.2092e-04	1.2091e-04	1.2092e-04	1.2090e-04	1.2076e-04
1.513561e-05	1.2112e-04	1.2112e-04	1.2112e-04	1.2112e-04	1.2112e-04	1.2111e-04	1.2108e-04	1.2107e-04	1.2106e-04	1.2103e-04	1.2100e-04	1.2098e-04	1.2096e-04	1.2094e-04	1.2093e-04	1.2093e-04	1.2093e-04	1.2093e-04	1.2091e-04	1.2076e-04
1.621810e-05	1.2114e-04	1.2114e-04	1.2114e-04	1.2115e-04	1.2115e-04	1.2114e-04	1.2111e-04	1.2109e-04	1.2108e-04	1.2105e-04	1.2102e-04	1.2100e-04	1.2098e-04	1.2095e-04	1.2094e-04	1.2094e-04	1.2094e-04	1.2094e-04	1.2093e-04	1.2076e-04
1.737801e-05	1.2117e-04	1.2117e-04	1.2117e-04	1.2117e-04	1.2117e-04	1.2116e-04	1.2113e-04	1.2112e-04	1.2110e-04	1.2107e-04	1.2104e-04	1.2101e-04	1.2099e-04	1.2097e-04	1.2096e-04	1.2095e-04	1.2095e-04	1.2095e-04	1.2094e-04	1.2076e-04
1.862087e-05	1.2120e-04	1.2120e-04	1.2120e-04	1.2120e-04	1.2120e-04	1.2119e-04	1.2116e-04	1.2114e-04	1.2112e-04	1.2109e-04	1.2106e-04	1.2103e-04	1.2101e-04	1.2098e-04	1.2097e-04	1.2096e-04	1.2096e-04	1.2097e-04	1.2095e-04	1.2076e-04
1.995262e-05	1.2123e-04	1.2123e-04	1.2123e-04	1.2123e-04	1.2123e-04	1.2122e-04	1.2119e-04	1.2117e-04	1.2115e-04	1.2111e-04	1.2108e-04	1.2105e-04	1.2103e-04	1.2100e-04	1.2098e-04	1.2098e-04	1.2098e-04	1.2098e-04	1.2096e-04	1.2076e-04
2.137962e-05	1.2127e-04	1.2127e-04	1.2127e-04	1.2127e-04	1.2127e-04	1.2126e-04	1.2122e-04	1.2120e-04	1.2118e-04	1.2114e-04	1.2110e-04	1.2107e-04	1.2105e-04	1.2101e-04	1.2100e-04	1.2099e-04	1.2099e-04	1.2100e-04	1.2098e-04	1.2076e-04
2.290868e-05	1.2130e-04	1.2130e-04	1.2130e-04	1.2130e-04	1.2130e-04	1.2129e-04	1.2125e-04	1.2123e-04	1.2121e-04	1.2117e-04	1.2113e-04	1.2109e-04	1.2107e-04	1.2103e-04	1.2102e-04	1.2101e-04	1.2101e-04	1.2102e-04	1.2099e-04	1.2076e-04
2.454709e-05	1.2134e-04	1.2134e-04	1.2134e-04	1.2134e-04	1.2134e-04	1.2133e-04	1.2129e-04	1.2126e-04	1.2124e-04	1.2119e-04	1.2116e-04	1.2112e-04	1.2109e-04	1.2105e-04	1.2104e-04	1.2103e-04	1.2103e-04	1.2103e-04	1.2101e-04	1.2076e-04
2.630268e-05	1.2138e-04	1.2138e-04	1.2138e-04	1.2138e-04	1.2138e-04	1.2137e-04	1.2132e-04	1.2130e-04	1.2127e-04	1.2123e-04	1.2118e-04	1.2114e-04	1.2111e-04	1.2107e-04	1.2106e-04	1.2105e-04	1.2105e-04	1.2105e-04	1.2103e-04	1.2076e-04
2.818383e-05	1.2143e-04	1.2143e-04	1.2143e-04	1.2143e-04	1.2143e-04	1.2141e-04	1.2136e-04	1.2134e-04	1.2131e-04	1.2126e-04	1.2121e-04	1.2117e-04	1.2114e-04	1.2110e-04	1.2108e-04	1.2107e-04	1.2107e-04	1.2107e-04	1.2105e-04	1.2076e-04
3.019952e-05	1.2147e-04	1.2148e-04	1.2148e-04	1.2148e-04	1.2148e-04	1.2146e-04	1.2141e-04	1.2138e-04	1.2135e-04	1.2129e-04	1.2125e-04	1.2120e-04	1.2116e-04	1.2112e-04	1.2110e-04	1.2109e-04	1.2109e-04	1.2110e-04	1.2107e-04	1.2076e-04
3.235937e-05	1.2153e-04	1.2153e-04	1.2153e-04	1.2153e-04	1.2153e-04	1.2151e-04	1.2145e-04	1.2142e-04	1.2139e-04	1.2133e-04	1.2128e-04	1.2123e-04	1.2119e-04	1.2115e-04	1.2112e-04	1.2112e-04	1.2111e-04	1.2112e-04	1.2109e-04	1.2076e-04
3.467369e-05	1.2158e-04	1.2158e-04	1.2158e-04	1.2158e-04	1.2158e-04	1.2157e-04	1.2150e-04	1.2147e-04	1.2144e-04	1.2137e-04	1.2132e-04	1.2126e-04	1.2122e-04	1.2117e-04	1.2115e-04	1.2114e-04	1.2114e-04	1.2115e-04	1.2111e-04	1.2076e-04
3.715352e-05	1.2164e-04	1.2164e-04	1.2164e-04	1.2164e-04	1.2164e-04	1.2162e-04	1.2156e-04	1.2152e-04	1.2149e-04	1.2142e-04	1.2136e-04	1.2130e-04	1.2126e-04	1.2120e-04	1.2118e-04	1.2117e-04	1.2117e-04	1.2118e-04	1.2114e-04	1.2076e-04
3.981072e-05	1.2170e-04	1.2170e-04	1.2170e-04	1.2171e-04	1.2171e-04	1.2168e-04	1.2161e-04	1.2158e-04	1.2154e-04	1.2146e-04	1.2140e-04	1.2134e-04	1.2129e-04	1.2123e-04	1.2121e-04	1.2120e-04	1.2120e-04	1.2120e-04	1.2117e-04	1.2077e-04
4.265795e-05	1.2177e-04	1.2177e-04	1.2177e-04	1.2177e-04	1.2177e-04	1.2175e-04	1.2168e-04	1.2163e-04	1.2159e-04	1.2151e-04	1.2145e-04	1.2138e-04	1.2133e-04	1.2127e-04	1.2124e-04	1.2123e-04	1.2123e-04	1.2124e-04	1.2120e-04	1.2077e-04
4.570882e-05	1.2184e-04	1.2184e-04	1.2184e-04	1.2185e-04	1.2185e-04	1.2182e-04	1.2174e-04	1.2170e-04	1.2165e-04	1.2157e-04	1.2150e-04	1.2143e-04	1.2137e-04	1.2131e-04	1.2127e-04	1.2126e-04	1.2126e-04	1.2127e-04	1.2123e-04	1.2077e-04
4.897788e-05	1.2192e-04	1.2192e-04	1.2192e-04	1.2192e-04	1.2192e-04	1.2190e-04	1.2181e-04	1.2176e-04	1.2172e-04	1.2163e-04	1.2155e-04	1.2147e-04	1.2142e-04	1.2134e-04	1.2131e-04	1.2130e-04	1.2130e-04	1.2131e-04	1.2126e-04	1.2077e-04
5.248075e-05	1.2200e-04	1.2200e-04	1.2201e-04	1.2201e-04	1.2201e-04	1.2198e-04	1.2189e-04	1.2184e-04	1.2179e-04	1.2169e-04	1.2161e-04	1.2152e-04	1.2146e-04	1.2139e-04	1.2135e-04	1.2134e-04	1.2133e-04	1.2135e-04	1.2130e-04	1.2077e-04
5.623413e-05	1.2209e-04	1.2209e-04	1.2209e-04	1.2210e-04	1.2210e-04	1.2207e-04	1.2197e-04	1.2191e-04	1.2186e-04	1.2176e-04	1.2167e-04	1.2158e-04	1.2151e-04	1.2143e-04	1.2139e-04	1.2138e-04	1.2137e-04	1.2139e-04	1.2134e-04	1.2077e-04
6.025596e-05	1.2219e-04	1.2219e-04	1.2219e-04	1.2219e-04	1.2219e-04	1.2216e-04	1.2205e-04	1.2200e-04	1.2194e-04	1.2183e-04	1.2173e-04	1.2164e-04	1.2157e-04	1.2148e-04	1.2144e-04	1.2142e-04	1.2142e-04	1.2143e-04	1.2138e-04	1.2077e-04
6.456542e-05	1.2229e-04	1.2229e-04	1.2229e-04	1.2229e-04	1.2229e-04	1.2226e-04	1.2215e-04	1.2208e-04	1.2202e-04	1.2190e-04	1.2180e-04	1.2170e-04	1.2162e-04	1.2153e-04	1.2149e-04	1.2147e-04	1.2147e-04	1.2148e-04	1.2142e-04	1.2077e-04
6.918310e-05	1.2240e-04	1.2240e-04	1.2240e-04	1.2240e-04	1.2240e-04	1.2237e-04	1.2224e-04	1.2218e-04	1.2211e-04	1.2198e-04	1.2187e-04	1.2177e-04	1.2169e-04	1.2159e-04	1.2154e-04	1.2152e-04	1.2152e-04	1.2153e-04	1.2147e-04	1.2077e-04
7.413102e-05	1.2251e-04	1.2252e-04	1.2252e-04	1.2252e-04	1.2252e-04	1.2248e-04	1.2235e-04	1.2228e-04	1.2221e-04	1.2207e-04	1.2195e-04	1.2184e-04	1.2175e-04	1.2164e-04	1.2159e-04	1.2157e-04	1.2157e-04	1.2159e-04	1.2152e-04	1.2077e-04
7.943282e-05	1.2264e-04	1.2264e-04	1.2264e-04	1.2265e-04	1.2265e-04	1.2261e-04	1.2246e-04	1.2239e-04	1.2231e-04	1.2217e-04	1.2204e-04	1.2192e-04	1.2182e-04	1.2171e-04	1.2165e-04	1.2163e-04	1.2163e-04	1.2165e-04	1.2157e-04	1.2077e-04
8.511380e-05	1.2277e-04	1.2278e-04	1.2278e-04	1.2278e-04	1.2278e-04	1.2274e-04	1.2259e-04	1.2250e-04	1.2242e-04	1.2227e-04	1.2213e-04	1.2200e-04	1.2190e-04	1.2178e-04	1.2172e-04	1.2169e-04	1.2169e-04	1.2171e-04	1.2163e-04	1.2077e-04
9.120108e-05	1.2292e-04	1.2292e-04	1.2292e-04	1.2293e-04	1.2293e-04	1.2288e-04	1.2272e-04	1.2263e-04	1.2254e-04	1.2237e-04	1.2223e-04	1.2209e-04	1.2198e-04	1.2185e-04	1.2179e-04	1.2176e-04	1.2176e-04	1.2178e-04	1.2169e-04	1.2077e-04
9.772372e-05	1.2307e-04	1.2308e-04	1.2308e-04	1.2308e-04	1.2308e-04	1.2303e-04	1.2286e-04	1.2276e-04	1.2267e-04	1.2249e-04	1.2233e-04	1.2218e-04	1.2207e-04	1.2193e-04	1.2186e-04	1.2183e-04	1.2183e-04	1.2185e-04	1.2176e-04	1.2077e-04
1.047129e-04	1.2324e-04	1.2324e-04	1.2324e-04	1.2325e-04	1.2325e-04	1.2319e-04	1.2301e-04	1.2291e-04	1.2281e-04	1.2261e-04	1.2245e-04	1.2228e-04	1.2216e-04	1.2201e-04	1.2194e-04	1.2191e-04	1.2190e-04	1.2193e-04	1.2183e-04	1.2077e-04
1.122018e-04	1.2342e-04	1.2342e-04	1.2342e-04	1.2343e-04	1.2343e-04	1.2337e-04	1.2317e-04	1.2306e-04	1.2295e-04	1.2275e-04	1.2257e-04	1.2239e-04	1.2226e-04	1.2210e-04	1.2202e-04	1.2199e-04	1.2199e-04	1.2201e-04	1.2191e-04	1.2077e-04
1.202264e-04	1.2361e-04	1.2361e-04	1.2361e-04	1.2362e-04	1.2362e-04	1.2355e-04	1.2334e-04	1.2322e-04	1.2311e-04	1.2289e-04	1.2270e-04	1.2251e-04	1.2237e-04	1.2219e-04	1.2211e-04	1.2208e-04	1.2207e-04	1.2210e-04	1.2199e-04	1.2078e-04
1.288250e-04	1.2381e-04	1.2381e-04	1.2382e-04	1.2382e-04	1.2382e-04	1.2375e-04	1.2352e-04	1.2340e-04	1.2328e-04	1.2304e-04	1.2284e-04	1.2264e-04	1.2248e-04	1.2230e-04	1.2221e-04	1.2217e-04	1.2217e-04	1.2220e-04	1.2208e-04	1.2078e-04
1.380384e-04	1.2403e-04	1.2403e-04	1.2404e-04	1.2404e-04	1.2404e-04	1.2397e-04	1.2372e-04	1.2359e-04	1.2346e-04	1.2320e-04	1.2298e-04	1.2277e-04	1.2261e-04	1.2241e-04	1.2231e-04	1.2228e-04	1.2227e-04	1.2230e-04	1.2217e-04	1.2078e-04
1.479108e-04	1.2426e-04	1.2426e-04	1.2427e-04	1.2427e-04	1.2427e-04	1.2420e-04	1.2393e-04	1.2379e-04	1.2365e-04	1.2338e-04	1.2314e-04	1.2291e-04	1.2274e-04	1.2252e-04	1.2242e-04	1.2238e-04	1.2238e-04	1.2241e-04	1.2227e-04	1.2078e-04
1.584893e-04	1.2451e-04	1.2451e-04	1.2452e-04	1.2452e-04	1.2453e-04	1.2444e-04	1.2416e-04	1.2401e-04	1.2386e-04	1.2356e-04	1.2331e-04	1.2307e-04	1.2288e-04	1.2265e-04	1.2254e-04	1.2250e-04	1.2249e-04	1.2253e-04	1.2238e-04	1.2078e-04
1.698244e-04	1.2478e-04	1.2478e-04	1.2479e-04	1.2479e-04	1.2480e-04	1.2471e-04	1.2440e-04	1.2424e-04	1.2408e-04	1.2376e-04	1.2350e-04	1.2323e-04	1.2303e-04	1.2279e-04	1.2267e-04	1.2262e-04	1.2262e-04	1.2266e-04	1.2250e-04	1.2078e-04
1.819701e-04	1.2507e-04	1.2507e-04	1.2508e-04	1.2508e-04	1.2508e-04	1.2499e-04	1.2466e-04	1.2449e-04	1.2432e-04	1.2398e-04	1.2369e-04	1.2341e-04	1.2319e-04	1.2293e-04	1.2281e-04	1.2276e-04	1.2275e-04	1.2279e-04	1.2262e-04	1.2078e-04
1.949845e-04	1.2538e-04	1.2538e-04	1.2539e-04	1.2539e-04	1.2539e-04	1.2529e-04	1.2494e-04	1.2476e-04	1.2457e-04	1.2421e-04	1.2390e-04	1.2360e-04	1.2337e-04	1.2309e-04	1.2295e-04	1.2290e-04	1.2289e-04	1.2294e-04	1.2276e-04	1.2079e-04
2.089296e-04	1.2571e-04	1.2571e-04	1.2572e-04	1.2572e-04	1.2572e-04	1.2561e-04	1.2524e-04	1.2504e-04	1.2485e-04	1.2446e-04	1.2413e-04	1.2380e-04	1.2356e-04	1.2325e-04	1.2311e-04	1.2305e-04	1.2304e-04	1.2309e-04	1.2290e-04	1.2079e-04
2.238721e-04	1.2606e-04	1.2606e-04	1.2607e-04	1.2608e-04	1.2608e-04	1.2596e-04	1.2556e-04	1.2535e-04	1.2514e-04	1.2472e-04	1.2437e-04	1.2402e-04	1.2376e-04	1.2343e-04	1.2328e-04	1.2322e-04	1.2321e-04	1.2326e-04	1.2305e-04	1.2079e-04
2.398833e-04	1.2644e-04	1.2644e-04	1.2645e-04	1.2646e-04	1.2646e-04	1.2633e-04	1.2591e-04	1.2568e-04	1.2545e-04	1.2500e-04	1.2463e-04	1.2425e-04	1.2397e-04	1.2362e-04	1.2346e-04	1.2339e-04	1.2338e-04	1.2344e-04	1.2321e-04	1.2079e-04
2.570396e-04	1.2685e-04	1.2686e-04	1.2687e-04	1.2688e-04	1.2688e-04	1.2674e-04	1.2627e-04	1.2603e-04	1.2579e-04	1.2531e-04	1.2490e-04	1.2450e-04	1.2420e-04	1.2383e-04	1.2365e-04	1.2358e-04	1.2357e-04	1.2363e-04	1.2339e-04	1.2079e-04
2.754229e-04	1.2730e-04	1.2730e-04	1.2731e-04	1.2733e-04	1.2733e-04	1.2719e-04	1.2668e-04	1.2641e-04	1.2615e-04	1.2563e-04	1.2520e-04	1.2477e-04	1.2445e-04	1.2404e-04	1.2386e-04	1.2378e-04	1.2377e-04	1.2384e-04	1.2358e-04	1.2080e-04
2.951209e-04	1.2777e-04	1.2778e-04	1.2779e-04	1.2781e-04	1.2781e-04	1.2767e-04	1.2713e-04	1.2683e-04	1.2653e-04	1.2598e-04	1.2552e-04	1.2506e-04	1.2471e-04	1.2428e-04	1.2408e-04	1.2400e-04	1.2399e-04	1.2406e-04	1.2378e-04	1.2080e-04
3.162278e-04	1.2829e-04	1.2829e-04	1.2831e-04	1.2832e-04	1.2833e-04	1.2819e-04	1.2762e-04	1.2730e-04	1.2698e-04	1.2636e-04	1.2586e-04	1.2537e-04	1.2499e-04	1.2453e-04	1.2432e-04	1.2423e-04	1.2422e-04	1.2429e-04	1.2400e-04	1.2080e-04
3.388442e-04	1.2883e-04	1.2884e-04	1.2886e-04	1.2887e-04	1.2888e-04	1.2874e-04	1.2814e-04	1.2780e-04	1.2746e-04	1.2678e-04	1.2622e-04	1.2569e-04	1.2529e-04	1.2480e-04	1.2457e-04	1.2448e-04	1.2446e-04	1.2455e-04	1.2423e-04	1.2080e-04
3.630781e-04	1.2942e-04	1.2943e-04	1.2945e-04	1.2947e-04	1.2947e-04	1.2933e-04	1.2869e-04	1.2833e-04	1.2797e-04	1.2725e-04	1.2662e-04	1.2605e-04	1.2562e-04	1.2509e-04	1.2484e-04	1.2475e-04	1.2473e-04	1.2482e-04	1.2448e-04	1.2081e-04
3.890451e-04	1.3005e-04	1.3006e-04	1.3008e-04	1.3010e-04	1.3011e-04	1.2996e-04	1.2929e-04	1.2891e-04	1.2852e-04	1.2775e-04	1.2708e-04	1.2643e-04	1.2597e-04	1.2540e-04	1.2514e-04	1.2503e-04	1.2501e-04	1.2511e-04	1.2474e-04	1.2081e-04
4.168694e-04	1.3072e-04	1.3073e-04	1.3075e-04	1.3078e-04	1.3079e-04	1.3064e-04	1.2993e-04	1.2952e-04	1.2911e-04	1.2828e-04	1.2757e-04	1.2687e-04	1.2634e-04	1.2573e-04	1.2545e-04	1.2534e-04	1.2532e-04	1.2542e-04	1.2503e-04	1.2081e-04
4.466836e-04	1.3144e-04	1.3145e-04	1.3148e-04	1.3151e-04	1.3151e-04	1.3137e-04	1.3061e-04	1.3018e-04	1.2974e-04	1.2886e-04	1.2810e-04	1.2734e-04	1.2676e-04	1.2609e-04	1.2578e-04	1.2566e-04	1.2564e-04	1.2575e-04	1.2533e-04	1.2082e-04
4.786301e-04	1.3221e-04	1.3223e-04	1.3226e-04	1.3229e-04	1.3230e-04	1.3215e-04	1.3134e-04	1.3088e-04	1.3042e-04	1.2947e-04	1.2866e-04	1.2785e-04	1.2723e-04	1.2647e-04	1.2614e-04	1.2601e-04	1.2599e-04	1.2611e-04	1.2566e-04	1.2082e-04
5.128614e-04	1.3306e-04	1.3307e-04	1.3310e-04	1.3314e-04	1.3315e-04	1.3301e-04	1.3213e-04	1.3164e-04	1.3114e-04	1.3013e-04	1.2927e-04	1.2840e-04	1.2774e-04	1.2692e-04	1.2653e-04	1.2639e-04	1.2637e-04	1.2649e-04	1.2601e-04	1.2083e-04
5.495409e-04	1.3396e-04	1.3398e-04	1.3402e-04	1.3406e-04	1.3408e-04	1.3395e-04	1.3301e-04	1.3245e-04	1.3192e-04	1.3084e-04	1.2991e-04	1.2899e-04	1.2828e-04	1.2740e-04	1.2699e-04	1.2683e-04	1.2680e-04	1.2695e-04	1.2638e-04	1.2083e-04
5.888437e-04	1.3494e-04	1.3496e-04	1.3500e-04	1.3505e-04	1.3507e-04	1.3496e-04	1.3397e-04	1.3338e-04	1.3277e-04	1.3160e-04	1.3061e-04	1.2962e-04	1.2886e-04	1.2792e-04	1.2748e-04	1.2730e-04	1.2727e-04	1.2743e-04	1.2682e-04	1.2084e-04
6.309573e-04	1.3598e-04	1.3600e-04	1.3605e-04	1.3611e-04	1.3613e-04	1.3604e-04	1.3501e-04	1.3438e-04	1.3374e-04	1.3241e-04	1.3135e-04	1.3029e-04	1.2948e-04	1.2847e-04	1.2800e-04	1.2781e-04	1.2778e-04	1.2795e-04	1.2730e-04	1.2084e-04
6.760830e-04	1.3710e-04	1.3712e-04	1.3717e-04	1.3724e-04	1.3726e-04	1.3720e-04	1.3612e-04	1.3546e-04	1.3477e-04	1.3336e-04	1.3214e-04	1.3101e-04	1.3014e-04	1.2907e-04	1.2856e-04	1.2836e-04	1.2833e-04	1.2851e-04	1.2781e-04	1.2085e-04
7.244360e-04	1.3829e-04	1.3832e-04	1.3838e-04	1.3846e-04	1.3848e-04	1.3844e-04	1.3731e-04	1.3661e-04	1.3589e-04	1.3438e-04	1.3305e-04	1.3178e-04	1.3085e-04	1.2970e-04	1.2916e-04	1.2895e-04	1.2891e-04	1.2911e-04	1.2836e-04	1.2085e-04
7.762471e-04	1.3959e-04	1.3963e-04	1.3970e-04	1.3979e-04	1.3982e-04	1.3982e-04	1.3858e-04	1.3784e-04	1.3708e-04	1.3547e-04	1.3406e-04	1.3263e-04	1.3162e-04	1.3038e-04	1.2981e-04	1.2958e-04	1.2954e-04	1.2975e-04	1.2895e-04	1.2086e-04
8.317638e-04	1.4100e-04	1.4104e-04	1.4112e-04	1.4122e-04	1.4125e-04	1.4132e-04	1.4004e-04	1.3920e-04	1.3835e-04	1.3665e-04	1.3514e-04	1.3361e-04	1.3243e-04	1.3111e-04	1.3050e-04	1.3025e-04	1.3021e-04	1.3044e-04	1.2958e-04	1.2087e-04
8.912509e-04	1.4251e-04	1.4255e-04	1.4264e-04	1.4276e-04	1.4280e-04	1.4293e-04	1.4162e-04	1.4074e-04	1.3981e-04	1.3790e-04	1.3629e-04	1.3466e-04	1.3340e-04	1.3190e-04	1.3124e-04	1.3097e-04	1.3093e-04	1.3118e-04	1.3025e-04	1.2087e-04
9.549926e-04	1.4412e-04	1.4418e-04	1.4427e-04	1.4441e-04	1.4445e-04	1.4465e-04	1.4330e-04	1.4239e-04	1.4140e-04	1.3930e-04	1.3753e-04	1.3579e-04	1.3444e-04	1.3277e-04	1.3203e-04	1.3175e-04	1.3170e-04	1.3197e-04	1.3097e-04	1.2088e-04
1.023293e-03	1.4586e-04	1.4593e-04	1.4604e-04	1.4620e-04	1.4625e-04	1.4656e-04	1.4511e-04	1.4415e-04	1.4311e-04	1.4089e-04	1.3887e-04	1.3700e-04	1.3556e-04	1.3377e-04	1.3293e-04	1.3259e-04	1.3254e-04	1.3285e-04	1.3175e-04	1.2089e-04
1.096478e-03	1.4776e-04	1.4783e-04	1.4795e-04	1.4815e-04	1.4820e-04	1.4864e-04	1.4718e-04	1.4610e-04	1.4495e-04	1.4259e-04	1.4044e-04	1.3829e-04	1.3675e-04	1.3484e-04	1.3394e-04	1.3358e-04	1.3353e-04	1.3386e-04	1.3259e-04	1.2090e-04
1.174898e-03	1.4979e-04	1.4987e-04	1.5001e-04	1.5023e-04	1.5030e-04	1.5087e-04	1.4942e-04	1.4830e-04	1.4707e-04	1.4441e-04	1.4213e-04	1.3978e-04	1.3803e-04	1.3598e-04	1.3502e-04	1.3464e-04	1.3459e-04	1.3495e-04	1.3359e-04	1.2091e-04
1.258925e-03	1.5196e-04	1.5206e-04	1.5222e-04	1.5247e-04	1.5255e-04	1.5332e-04	1.5181e-04	1.5066e-04	1.4937e-04	1.4648e-04	1.4394e-04	1.4144e-04	1.3948e-04	1.3721e-04	1.3619e-04	1.3578e-04	1.3572e-04	1.3611e-04	1.3465e-04	1.2092e-04
1.348963e-03	1.5434e-04	1.5445e-04	1.5464e-04	1.5493e-04	1.5502e-04	1.5601e-04	1.5456e-04	1.5328e-04	1.5184e-04	1.4879e-04	1.4594e-04	1.4321e-04	1.4113e-04	1.3853e-04	1.3743e-04	1.3699e-04	1.3694e-04	1.3736e-04	1.3580e-04	1.2093e-04
1.445440e-03	1.5689e-04	1.5702e-04	1.5723e-04	1.5757e-04	1.5767e-04	1.5890e-04	1.5752e-04	1.5623e-04	1.5471e-04	1.5127e-04	1.4826e-04	1.4511e-04	1.4288e-04	1.4009e-04	1.3877e-04	1.3830e-04	1.3824e-04	1.3869e-04	1.3702e-04	1.2095e-04
1.548817e-03	1.5963e-04	1.5977e-04	1.6002e-04	1.6041e-04	1.6053e-04	1.6211e-04	1.6080e-04	1.5939e-04	1.5783e-04	1.5413e-04	1.5073e-04	1.4737e-04	1.4477e-04	1.4178e-04	1.4038e-04	1.3982e-04	1.3975e-04	1.4030e-04	1.3833e-04	1.2096e-04
1.659587e-03	1.6259e-04	1.6275e-04	1.6303e-04	1.6348e-04	1.6362e-04	1.6556e-04	1.6444e-04	1.6305e-04	1.6133e-04	1.5730e-04	1.5354e-04	1.4981e-04	1.4698e-04	1.4360e-04	1.4210e-04	1.4150e-04	1.4143e-04	1.4203e-04	1.3987e-04	1.2097e-04
1.778279e-03	1.6576e-04	1.6594e-04	1.6626e-04	1.6678e-04	1.6694e-04	1.6922e-04	1.6837e-04	1.6698e-04	1.6523e-04	1.6084e-04	1.5673e-04	1.5246e-04	1.4941e-04	1.4558e-04	1.4394e-04	1.4330e-04	1.4324e-04	1.4388e-04	1.4157e-04	1.2099e-04
1.905461e-03	1.6906e-04	1.6926e-04	1.6960e-04	1.7018e-04	1.7036e-04	1.7313e-04	1.7260e-04	1.7128e-04	1.6950e-04	1.6487e-04	1.6025e-04	1.5563e-04	1.5201e-04	1.4794e-04	1.4600e-04	1.4523e-04	1.4517e-04	1.4594e-04	1.4339e-04	1.2100e-04
2.041738e-03	1.7255e-04	1.7277e-04	1.7316e-04	1.7382e-04	1.7402e-04	1.7728e-04	1.7717e-04	1.7591e-04	1.7412e-04	1.6930e-04	1.6435e-04	1.5903e-04	1.5517e-04	1.5046e-04	1.4839e-04	1.4757e-04	1.4751e-04	1.4835e-04	1.4535e-04	1.2102e-04
2.187762e-03	1.7622e-04	1.7647e-04	1.7689e-04	1.7762e-04	1.7784e-04	1.8171e-04	1.8209e-04	1.8096e-04	1.7921e-04	1.7414e-04	1.6886e-04	1.6309e-04	1.5857e-04	1.5330e-04	1.5096e-04	1.5009e-04	1.5003e-04	1.5094e-04	1.4773e-04	1.2104e-04
2.344229e-03	1.8007e-04	1.8035e-04	1.8083e-04	1.8165e-04	1.8191e-04	1.8640e-04	1.8740e-04	1.8644e-04	1.8475e-04	1.7956e-04	1.7384e-04	1.6752e-04	1.6259e-04	1.5661e-04	1.5393e-04	1.5287e-04	1.5282e-04	1.5395e-04	1.5028e-04	1.2106e-04
2.511886e-03	1.8415e-04	1.8445e-04	1.8497e-04	1.8588e-04	1.8616e-04	1.9141e-04	1.9312e-04	1.9237e-04	1.9080e-04	1.8550e-04	1.7945e-04	1.7256e-04	1.6702e-04	1.6027e-04	1.5730e-04	1.5618e-04	1.5614e-04	1.5737e-04	1.5315e-04	1.2108e-04
2.691535e-03	1.8840e-04	1.8875e-04	1.8933e-04	1.9036e-04	1.9068e-04	1.9671e-04	1.9930e-04	1.9885e-04	1.9746e-04	1.9206e-04	1.8567e-04	1.7818e-04	1.7212e-04	1.6460e-04	1.6114e-04	1.5978e-04	1.5976e-04	1.6130e-04	1.5653e-04	1.2111e-04
2.884032e-03	1.9292e-04	1.9329e-04	1.9393e-04	1.9506e-04	1.9541e-04	2.0237e-04	2.0597e-04	2.0589e-04	2.0473e-04	1.9942e-04	1.9261e-04	1.8446e-04	1.7780e-04	1.6944e-04	1.6556e-04	1.6413e-04	1.6415e-04	1.6583e-04	1.6027e-04	1.2113e-04
3.090295e-03	1.9764e-04	1.9806e-04	1.9878e-04	2.0006e-04	2.0046e-04	2.0839e-04	2.1316e-04	2.1354e-04	2.1271e-04	2.0761e-04	2.0045e-04	1.9156e-04	1.8420e-04	1.7483e-04	1.7061e-04	1.6896e-04	1.6904e-04	1.7104e-04	1.6475e-04	1.2116e-04
3.311311e-03	2.0264e-04	2.0310e-04	2.0387e-04	2.0528e-04	2.0571e-04	2.1478e-04	2.2093e-04	2.2186e-04	2.2147e-04	2.1675e-04	2.0935e-04	1.9974e-04	1.9149e-04	1.8110e-04	1.7625e-04	1.7440e-04	1.7454e-04	1.7691e-04	1.6981e-04	1.2118e-04
3.548134e-03	2.0789e-04	2.0841e-04	2.0927e-04	2.1083e-04	2.1131e-04	2.2160e-04	2.2931e-04	2.3092e-04	2.3110e-04	2.2699e-04	2.1945e-04	2.0908e-04	1.9995e-04	1.8825e-04	1.8271e-04	1.8074e-04	1.8098e-04	1.8366e-04	1.7553e-04	1.2122e-04
3.801894e-03	2.1343e-04	2.1399e-04	2.1493e-04	2.1666e-04	2.1720e-04	2.2884e-04	2.3836e-04	2.4080e-04	2.4170e-04	2.3849e-04	2.3100e-04	2.1988e-04	2.0973e-04	1.9650e-04	1.9024e-04	1.8800e-04	1.8839e-04	1.9154e-04	1.8219e-04	1.2125e-04
4.073803e-03	2.1929e-04	2.1992e-04	2.2095e-04	2.2283e-04	2.2342e-04	2.3653e-04	2.4799e-04	2.5137e-04	2.5312e-04	2.5124e-04	2.4431e-04	2.3260e-04	2.2127e-04	2.0617e-04	1.9901e-04	1.9646e-04	1.9706e-04	2.0091e-04	1.8998e-04	1.2128e-04
4.365158e-03	2.2543e-04	2.2611e-04	2.2724e-04	2.2935e-04	2.3001e-04	2.4466e-04	2.5805e-04	2.6234e-04	2.6502e-04	2.6482e-04	2.5907e-04	2.4756e-04	2.3513e-04	2.1768e-04	2.0935e-04	2.0649e-04	2.0738e-04	2.1233e-04	1.9920e-04	1.2132e-04
4.677351e-03	2.3194e-04	2.3268e-04	2.3391e-04	2.3620e-04	2.3693e-04	2.5322e-04	2.6846e-04	2.7375e-04	2.7745e-04	2.7915e-04	2.7491e-04	2.6437e-04	2.5166e-04	2.3169e-04	2.2198e-04	2.1858e-04	2.1994e-04	2.2654e-04	2.1031e-04	1.2136e-04
5.011872e-03	2.3878e-04	2.3960e-04	2.4096e-04	2.4344e-04	2.4422e-04	2.6188e-04	2.7926e-04	2.8563e-04	2.9046e-04	2.9432e-04	2.9194e-04	2.8289e-04	2.7057e-04	2.4931e-04	2.3778e-04	2.3382e-04	2.3618e-04	2.4508e-04	2.2455e-04	1.2140e-04
5.370318e-03	2.4592e-04	2.4679e-04	2.4825e-04	2.5098e-04	2.5184e-04	2.7085e-04	2.9050e-04	2.9804e-04	3.0409e-04	3.1024e-04	3.1010e-04	3.0320e-04	2.9175e-04	2.7022e-04	2.5768e-04	2.5331e-04	2.5719e-04	2.6920e-04	2.4318e-04	1.2145e-04
5.754399e-03	2.5342e-04	2.5432e-04	2.5583e-04	2.5866e-04	2.5956e-04	2.8017e-04	3.0215e-04	3.1085e-04	3.1805e-04	3.2652e-04	3.2884e-04	3.2474e-04	3.1535e-04	2.9462e-04	2.8162e-04	2.7736e-04	2.8348e-04	3.0004e-04	2.6831e-04	1.2150e-04
6.165950e-03	2.6097e-04	2.6196e-04	2.6362e-04	2.6665e-04	2.6759e-04	2.8984e-04	3.1407e-04	3.2389e-04	3.3216e-04	3.4308e-04	3.4800e-04	3.4697e-04	3.4019e-04	3.2262e-04	3.1049e-04	3.0705e-04	3.1660e-04	3.3884e-04	3.0131e-04	1.2155e-04
6.606934e-03	2.6881e-04	2.6984e-04	2.7156e-04	2.7483e-04	2.7586e-04	2.9979e-04	3.2618e-04	3.3714e-04	3.4652e-04	3.6002e-04	3.6764e-04	3.6992e-04	3.6617e-04	3.5288e-04	3.4327e-04	3.4178e-04	3.5586e-04	3.8484e-04	3.4458e-04	1.2161e-04
7.079458e-03	2.7696e-04	2.7806e-04	2.7986e-04	2.8328e-04	2.8436e-04	3.1005e-04	3.3854e-04	3.5067e-04	3.6122e-04	3.7743e-04	3.8789e-04	3.9375e-04	3.9333e-04	3.8532e-04	3.7922e-04	3.8062e-04	4.0113e-04	4.3741e-04	3.9884e-04	1.2167e-04
7.585776e-03	2.8527e-04	2.8645e-04	2.8842e-04	2.9211e-04	2.9324e-04	3.2060e-04	3.5120e-04	3.6448e-04	3.7634e-04	3.9541e-04	4.0874e-04	4.1828e-04	4.2145e-04	4.1972e-04	4.1822e-04	4.2335e-04	4.4964e-04	4.9017e-04	4.6162e-04	1.2173e-04
8.128305e-03	2.9397e-04	2.9520e-04	2.9726e-04	3.0121e-04	3.0245e-04	3.3123e-04	3.6412e-04	3.7867e-04	3.9196e-04	4.1377e-04	4.2960e-04	4.4231e-04	4.4876e-04	4.5346e-04	4.5708e-04	4.6597e-04	4.9772e-04	5.4342e-04	5.2608e-04	1.2180e-04
8.709636e-03	3.0302e-04	3.0436e-04	3.0648e-04	3.1053e-04	3.1180e-04	3.4206e-04	3.7739e-04	3.9335e-04	4.0800e-04	4.3205e-04	4.5020e-04	4.6603e-04	4.7593e-04	4.8695e-04	4.9556e-04	5.0845e-04	5.4621e-04	5.9789e-04	5.9288e-04	1.2188e-04
9.332543e-03	3.1217e-04	3.1355e-04	3.1586e-04	3.2018e-04	3.2147e-04	3.5326e-04	3.9115e-04	4.0844e-04	4.2426e-04	4.5024e-04	4.7080e-04	4.8985e-04	5.0324e-04	5.2048e-04	5.3437e-04	5.5135e-04	5.9570e-04	6.5187e-04	6.5941e-04	1.2196e-04
1.000000e-02	3.2165e-04	3.2305e-04	3.2539e-04	3.2988e-04	3.3130e-04	3.6479e-04	4.0537e-04	4.2379e-04	4.4051e-04	4.6855e-04	4.9160e-04	5.1398e-04	5.3087e-04	5.5466e-04	5.7382e-04	5.9516e-04	6.4513e-04	7.0374e-04	7.2209e-04	1.2204e-04
1.980000e-02	4.3105e-04	4.3319e-04	4.3678e-04	4.4351e-04	4.4555e-04	4.9623e-04	5.5989e-04	5.9035e-04	6.1992e-04	6.7438e-04	7.2346e-04	7.7761e-04	8.2589e-04	9.0430e-04	9.6655e-04	1.0186e-03	1.1081e-03	1.1948e-03	1.2887e-03	1.2330e-04
2.960000e-02	5.1143e-04	5.1400e-04	5.1828e-04	5.2658e-04	5.2919e-04	5.9323e-04	6.7511e-04	7.1341e-04	7.5033e-04	8.2045e-04	8.8559e-04	9.5819e-04	1.0231e-03	1.1290e-03	1.2116e-03	1.2783e-03	1.3864e-03	1.4882e-03	1.6161e-03	1.2456e-04
3.940000e-02	5.7974e-04	5.8279e-04	5.8778e-04	5.9750e-04	6.0055e-04	6.7570e-04	7.6992e-04	8.1503e-04	8.5858e-04	9.4090e-04	1.0175e-03	1.1034e-03	1.1798e-03	1.3047e-03	1.4011e-03	1.4772e-03	1.5992e-03	1.7107e-03	1.8608e-03	1.2581e-04
4.920000e-02	6.4126e-04	6.4463e-04	6.5024e-04	6.6114e-04	6.6456e-04	7.4783e-04	8.5383e-04	9.0451e-04	9.5320e-04	1.0458e-03	1.1316e-03	1.2282e-03	1.3143e-03	1.4547e-03	1.5611e-03	1.6449e-03	1.7767e-03	1.8970e-03	2.0616e-03	1.2712e-04
5.900000e-02	6.9732e-04	7.0104e-04	7.0711e-04	7.1888e-04	7.2258e-04	8.1395e-04	9.3016e-04	9.8558e-04	1.0388e-03	1.1400e-03	1.2341e-03	1.3401e-03	1.4344e-03	1.5879e-03	1.7036e-03	1.7933e-03	1.9331e-03	2.0590e-03	2.2378e-03	1.2848e-04
6.880000e-02	7.4938e-04	7.5341e-04	7.6011e-04	7.7288e-04	7.7680e-04	8.7565e-04	1.0010e-03	1.0610e-03	1.1181e-03	1.2273e-03	1.3287e-03	1.4426e-03	1.5447e-03	1.7095e-03	1.8337e-03	1.9288e-03	2.0731e-03	2.2059e-03	2.3979e-03	1.2985e-04
7.860000e-02	7.9895e-04	8.0330e-04	8.1032e-04	8.2394e-04	8.2820e-04	9.3370e-04	1.0677e-03	1.1314e-03	1.1925e-03	1.3089e-03	1.4170e-03	1.5390e-03	1.6473e-03	1.8228e-03	1.9539e-03	2.0528e-03	2.2040e-03	2.3420e-03	2.5460e-03	1.3121e-04
8.840000e-02	8.4628e-04	8.5080e-04	8.5831e-04	8.7288e-04	8.7743e-04	9.8909e-04	1.1311e-03	1.1986e-03	1.2633e-03	1.3867e-03	1.5010e-03	1.6298e-03	1.7446e-03	1.9299e-03	2.0667e-03	2.1697e-03	2.3273e-03	2.4696e-03	2.6832e-03	1.3259e-04
9.820000e-02	8.9183e-04	8.9663e-04	9.0457e-04	9.1999e-04	9.2473e-04	1.0425e-03	1.1920e-03	1.2632e-03	1.3314e-03	1.4612e-03	1.5814e-03	1.7167e-03	1.8376e-03	2.0313e-03	2.1741e-03	2.2810e-03	2.4441e-03	2.5901e-03	2.8132e-03	1.3407e-04
1.080000e-01	9.3600e-04	9.4105e-04	9.4940e-04	9.6559e-04	9.7051e-04	1.0941e-03	1.2510e-03	1.3256e-03	1.3970e-03	1.5330e-03	1.6588e-03	1.8005e-03	1.9271e-03	2.1289e-03	2.2771e-03	2.3878e-03	2.5555e-03	2.7050e-03	2.9376e-03	1.3556e-04
1.178000e-01	9.7903e-04	9.8430e-04	9.9302e-04	1.0099e-03	1.0151e-03	1.1443e-03	1.3083e-03	1.3862e-03	1.4607e-03	1.6027e-03	1.7339e-03	1.8818e-03	2.0136e-03	2.2232e-03	2.3766e-03	2.4908e-03	2.6623e-03	2.8155e-03	3.0572e-03	1.3705e-04
1.276000e-01	1.0211e-03	1.0266e-03	1.0357e-03	1.0533e-03	1.0588e-03	1.1934e-03	1.3643e-03	1.4453e-03	1.5228e-03	1.6705e-03	1.8070e-03	1.9610e-03	2.0977e-03	2.3147e-03	2.4733e-03	2.5905e-03	2.7652e-03	2.9222e-03	3.1719e-03	1.3853e-04
1.374000e-01	1.0625e-03	1.0682e-03	1.0776e-03	1.0959e-03	1.1015e-03	1.2415e-03	1.4192e-03	1.5033e-03	1.5837e-03	1.7369e-03	1.8788e-03	2.0386e-03	2.1799e-03	2.4039e-03	2.5676e-03	2.6877e-03	2.8651e-03	3.0251e-03	3.2830e-03	1.4014e-04
1.472000e-01	1.1031e-03	1.1091e-03	1.1189e-03	1.1377e-03	1.1436e-03	1.2889e-03	1.4732e-03	1.5603e-03	1.6435e-03	1.8021e-03	1.9494e-03	2.1147e-03	2.2605e-03	2.4915e-03	2.6598e-03	2.7824e-03	2.9626e-03	3.1257e-03	3.3914e-03	1.4177e-04
1.570000e-01	1.1432e-03	1.1494e-03	1.1596e-03	1.1791e-03	1.1852e-03	1.3357e-03	1.5264e-03	1.6165e-03	1.7024e-03	1.8666e-03	2.0189e-03	2.1892e-03	2.3397e-03	2.5777e-03	2.7498e-03	2.8746e-03	3.0581e-03	3.2243e-03	3.4967e-03	1.4340e-04
1.668000e-01	1.1829e-03	1.1893e-03	1.1998e-03	1.2201e-03	1.2264e-03	1.3818e-03	1.5789e-03	1.6719e-03	1.7608e-03	1.9304e-03	2.0874e-03	2.2628e-03	2.4176e-03	2.6628e-03	2.8385e-03	2.9655e-03	3.1512e-03	3.3201e-03	3.5992e-03	1.4503e-04
1.766000e-01	1.2224e-03	1.2289e-03	1.2397e-03	1.2606e-03	1.2671e-03	1.4276e-03	1.6309e-03	1.7268e-03	1.8182e-03	1.9934e-03	2.1552e-03	2.3355e-03	2.4948e-03	2.7463e-03	2.9260e-03	3.0549e-03	3.2434e-03	3.4143e-03	3.7005e-03	1.4680e-04
1.864000e-01	1.2614e-03	1.2682e-03	1.2794e-03	1.3009e-03	1.3076e-03	1.4731e-03	1.6825e-03	1.7812e-03	1.8755e-03	2.0561e-03	2.2224e-03	2.4072e-03	2.5714e-03	2.8291e-03	3.0116e-03	3.1430e-03	3.3342e-03	3.5073e-03	3.7988e-03	1.4859e-04
1.962000e-01	1.3003e-03	1.3073e-03	1.3189e-03	1.3411e-03	1.3480e-03	1.5184e-03	1.7338e-03	1.8353e-03	1.9326e-03	2.1185e-03	2.2886e-03	2.4787e-03	2.6474e-03	2.9109e-03	3.0967e-03	3.2306e-03	3.4237e-03	3.5980e-03	3.8964e-03	1.5038e-04
2.060000e-01	1.3392e-03	1.3464e-03	1.3582e-03	1.3811e-03	1.3881e-03	1.5634e-03	1.7849e-03	1.8894e-03	1.9894e-03	2.1802e-03	2.3545e-03	2.5501e-03	2.7227e-03	2.9916e-03	3.1813e-03	3.3173e-03	3.5126e-03	3.6883e-03	3.9924e-03	1.5217e-04
2.158000e-01	1.3779e-03	1.3854e-03	1.3975e-03	1.4210e-03	1.4282e-03	1.6084e-03	1.8358e-03	1.9434e-03	2.0462e-03	2.2417e-03	2.4201e-03	2.6209e-03	2.7979e-03	3.0720e-03	3.2655e-03	3.4034e-03	3.5999e-03	3.7763e-03	4.0877e-03	1.5415e-04
2.256000e-01	1.4167e-03	1.4243e-03	1.4368e-03	1.4609e-03	1.4683e-03	1.6532e-03	1.8869e-03	1.9974e-03	2.1029e-03	2.3027e-03	2.4857e-03	2.6917e-03	2.8721e-03	3.1521e-03	3.3494e-03	3.4890e-03	3.6869e-03	3.8643e-03	4.1823e-03	1.5613e-04
2.354000e-01	1.4554e-03	1.4632e-03	1.4760e-03	1.5008e-03	1.5085e-03	1.6981e-03	1.9380e-03	2.0515e-03	2.1595e-03	2.3637e-03	2.5514e-03	2.7622e-03	2.9463e-03	3.2322e-03	3.4327e-03	3.5739e-03	3.7724e-03	3.9509e-03	4.2762e-03	1.5811e-04
2.452000e-01	1.4943e-03	1.5023e-03	1.5154e-03	1.5408e-03	1.5487e-03	1.7431e-03	1.9893e-03	2.1056e-03	2.2160e-03	2.4245e-03	2.6172e-03	2.8325e-03	3.0198e-03	3.3122e-03	3.5160e-03	3.6584e-03	3.8579e-03	4.0375e-03	4.3694e-03	1.6017e-04
2.550000e-01	1.5332e-03	1.5414e-03	1.5549e-03	1.5809e-03	1.5889e-03	1.7881e-03	2.0407e-03	2.1597e-03	2.2723e-03	2.4858e-03	2.6829e-03	2.9026e-03	3.0935e-03	3.3922e-03	3.5987e-03	3.7422e-03	3.9427e-03	4.1236e-03	4.4623e-03	1.6235e-04
2.648000e-01	1.5723e-03	1.5807e-03	1.5944e-03	1.6211e-03	1.6293e-03	1.8332e-03	2.0922e-03	2.2138e-03	2.3286e-03	2.5471e-03	2.7488e-03	2.9725e-03	3.1675e-03	3.4721e-03	3.6813e-03	3.8258e-03	4.0274e-03	4.2097e-03	4.5542e-03	1.6454e-04
2.746000e-01	1.6114e-03	1.6200e-03	1.6342e-03	1.6614e-03	1.6698e-03	1.8788e-03	2.1440e-03	2.2680e-03	2.3851e-03	2.6089e-03	2.8147e-03	3.0423e-03	3.2418e-03	3.5520e-03	3.7635e-03	3.9093e-03	4.1123e-03	4.2954e-03	4.6462e-03	1.6673e-04
2.844000e-01	1.6508e-03	1.6596e-03	1.6740e-03	1.7020e-03	1.7106e-03	1.9244e-03	2.1958e-03	2.3222e-03	2.4417e-03	2.6706e-03	2.8806e-03	3.1126e-03	3.3164e-03	3.6319e-03	3.8456e-03	3.9928e-03	4.1973e-03	4.3811e-03	4.7369e-03	1.6908e-04
2.942000e-01	1.6904e-03	1.6994e-03	1.7142e-03	1.7427e-03	1.7515e-03	1.9706e-03	2.2478e-03	2.3767e-03	2.4990e-03	2.7329e-03	2.9466e-03	3.1832e-03	3.3913e-03	3.7117e-03	3.9280e-03	4.0766e-03	4.2823e-03	4.4665e-03	4.8276e-03	1.7145e-04
3.040000e-01	1.7303e-03	1.7394e-03	1.7544e-03	1.7837e-03	1.7927e-03	2.0169e-03	2.2998e-03	2.4312e-03	2.5564e-03	2.7952e-03	3.0126e-03	3.2544e-03	3.4666e-03	3.7914e-03	4.0105e-03	4.1611e-03	4.3674e-03	4.5517e-03	4.9179e-03	1.7382e-04
3.138000e-01	1.7703e-03	1.7797e-03	1.7952e-03	1.8250e-03	1.8341e-03	2.0638e-03	2.3522e-03	2.4866e-03	2.6145e-03	2.8579e-03	3.0788e-03	3.3259e-03	3.5421e-03	3.8713e-03	4.0938e-03	4.2456e-03	4.4526e-03	4.6369e-03	5.0078e-03	1.7631e-04
3.236000e-01	1.8107e-03	1.8203e-03	1.8359e-03	1.8667e-03	1.8761e-03	2.1108e-03	2.4048e-03	2.5422e-03	2.6727e-03	2.9206e-03	3.1460e-03	3.3980e-03	3.6180e-03	3.9519e-03	4.1776e-03	4.3310e-03	4.5379e-03	4.7216e-03	5.0977e-03	1.7888e-04
3.334000e-01	1.8513e-03	1.8613e-03	1.8775e-03	1.9088e-03	1.9184e-03	2.1583e-03	2.4579e-03	2.5985e-03	2.7316e-03	2.9837e-03	3.2133e-03	3.4706e-03	3.6939e-03	4.0326e-03	4.2619e-03	4.4164e-03	4.6233e-03	4.8063e-03	5.1889e-03	1.8145e-04
3.432000e-01	1.8927e-03	1.9028e-03	1.9192e-03	1.9513e-03	1.9612e-03	2.2059e-03	2.5117e-03	2.6550e-03	2.7906e-03	3.0468e-03	3.2818e-03	3.5435e-03	3.7704e-03	4.1147e-03	4.3471e-03	4.5024e-03	4.7087e-03	4.8910e-03	5.2802e-03	1.8410e-04
3.530000e-01	1.9342e-03	1.9446e-03	1.9616e-03	1.9944e-03	2.0044e-03	2.2540e-03	2.5659e-03	2.7123e-03	2.8502e-03	3.1110e-03	3.3503e-03	3.6170e-03	3.8470e-03	4.1971e-03	4.4324e-03	4.5887e-03	4.7941e-03	4.9756e-03	5.3718e-03	1.8689e-04
3.628000e-01	1.9766e-03	1.9872e-03	2.0043e-03	2.0378e-03	2.0482e-03	2.3023e-03	2.6208e-03	2.7698e-03	2.9099e-03	3.1756e-03	3.4199e-03	3.6905e-03	3.9246e-03	4.2805e-03	4.5189e-03	4.6752e-03	4.8797e-03	5.0603e-03	5.4643e-03	1.8969e-04
3.726000e-01	2.0191e-03	2.0299e-03	2.0476e-03	2.0819e-03	2.0923e-03	2.3510e-03	2.6760e-03	2.8278e-03	2.9702e-03	3.2409e-03	3.4899e-03	3.7651e-03	4.0025e-03	4.3648e-03	4.6055e-03	4.7624e-03	4.9656e-03	5.1461e-03	5.5568e-03	1.9255e-04
3.824000e-01	2.0625e-03	2.0735e-03	2.0914e-03	2.1262e-03	2.1369e-03	2.4002e-03	2.7322e-03	2.8863e-03	3.0307e-03	3.3072e-03	3.5605e-03	3.8396e-03	4.0814e-03	4.4494e-03	4.6927e-03	4.8495e-03	5.0516e-03	5.2330e-03	5.6501e-03	1.9561e-04
3.922000e-01	2.1061e-03	2.1172e-03	2.1356e-03	2.1712e-03	2.1821e-03	2.4499e-03	2.7884e-03	2.9450e-03	3.0919e-03	3.3737e-03	3.6316e-03	3.9153e-03	4.1616e-03	4.5355e-03	4.7806e-03	4.9375e-03	5.1389e-03	5.3198e-03	5.7439e-03	1.9866e-04
4.020000e-01	2.1504e-03	2.1618e-03	2.1804e-03	2.2163e-03	2.2274e-03	2.5007e-03	2.8456e-03	3.0044e-03	3.1542e-03	3.4417e-03	3.7031e-03	3.9915e-03	4.2420e-03	4.6217e-03	4.8685e-03	5.0258e-03	5.2277e-03	5.4084e-03	5.8376e-03	2.0180e-04
4.118000e-01	2.1950e-03	2.2065e-03	2.2254e-03	2.2623e-03	2.2736e-03	2.5516e-03	2.9029e-03	3.0638e-03	3.2168e-03	3.5097e-03	3.7756e-03	4.0685e-03	4.3245e-03	4.7091e-03	4.9579e-03	5.1147e-03	5.3166e-03	5.4975e-03	5.9324e-03	2.0514e-04
4.216000e-01	2.2402e-03	2.2520e-03	2.2713e-03	2.3084e-03	2.3197e-03	2.6040e-03	2.9609e-03	3.1252e-03	3.2811e-03	3.5790e-03	3.8482e-03	4.1474e-03	4.4070e-03	4.7970e-03	5.0474e-03	5.2065e-03	5.4076e-03	5.5866e-03	6.0274e-03	2.0849e-04
4.314000e-01	2.2859e-03	2.2978e-03	2.3171e-03	2.3553e-03	2.3670e-03	2.6564e-03	3.0195e-03	3.1867e-03	3.3455e-03	3.6486e-03	3.9224e-03	4.2263e-03	4.4911e-03	4.8853e-03	5.1385e-03	5.2982e-03	5.4994e-03	5.6778e-03	6.1224e-03	2.1199e-04
4.412000e-01	2.3318e-03	2.3441e-03	2.3641e-03	2.4027e-03	2.4144e-03	2.7102e-03	3.0784e-03	3.2495e-03	3.4115e-03	3.7190e-03	3.9971e-03	4.3074e-03	4.5760e-03	4.9753e-03	5.2316e-03	5.3920e-03	5.5912e-03	5.7692e-03	6.2185e-03	2.1567e-04
4.510000e-01	2.3789e-03	2.3913e-03	2.4113e-03	2.4507e-03	2.4630e-03	2.7643e-03	3.1392e-03	3.3132e-03	3.4780e-03	3.7903e-03	4.0728e-03	4.3890e-03	4.6612e-03	5.0653e-03	5.3248e-03	5.4873e-03	5.6860e-03	5.8607e-03	6.3147e-03	2.1936e-04
4.608000e-01	2.4261e-03	2.4386e-03	2.4596e-03	2.5001e-03	2.5123e-03	2.8192e-03	3.2000e-03	3.3775e-03	3.5452e-03	3.8617e-03	4.1504e-03	4.4717e-03	4.7485e-03	5.1579e-03	5.4212e-03	5.5826e-03	5.7808e-03	5.9543e-03	6.4109e-03	2.2334e-04
4.706000e-01	2.4749e-03	2.4878e-03	2.5088e-03	2.5494e-03	2.5622e-03	2.8751e-03	3.2628e-03	3.4436e-03	3.6139e-03	3.9355e-03	4.2281e-03	4.5560e-03	4.8357e-03	5.2520e-03	5.5181e-03	5.6813e-03	5.8763e-03	6.0480e-03	6.5105e-03	2.2742e-04
4.804000e-01	2.5241e-03	2.5370e-03	2.5585e-03	2.6008e-03	2.6136e-03	2.9310e-03	3.3261e-03	3.5097e-03	3.6825e-03	4.0093e-03	4.3086e-03	4.6403e-03	4.9246e-03	5.3464e-03	5.6161e-03	5.7803e-03	5.9742e-03	6.1418e-03	6.6105e-03	2.3159e-04
4.902000e-01	2.5743e-03	2.5878e-03	2.6098e-03	2.6522e-03	2.6650e-03	2.9886e-03	3.3905e-03	3.5777e-03	3.7532e-03	4.0848e-03	4.3894e-03	4.7271e-03	5.0145e-03	5.4446e-03	5.7170e-03	5.8803e-03	6.0720e-03	6.2377e-03	6.7105e-03	2.3613e-04
5.000000e-01	2.6256e-03	2.6392e-03	2.6611e-03	2.7050e-03	2.7184e-03	3.0462e-03	3.4564e-03	3.6462e-03	3.8240e-03	4.1620e-03	4.4716e-03	4.8142e-03	5.1047e-03	5.5428e-03	5.8180e-03	5.9831e-03	6.1711e-03	6.3336e-03	6.8148e-03	2.4066e-04
5.098000e-01	2.6773e-03	2.6914e-03	2.7143e-03	2.7586e-03	2.7719e-03	3.1056e-03	3.5224e-03	3.7157e-03	3.8962e-03	4.2394e-03	4.5557e-03	4.9024e-03	5.1992e-03	5.6433e-03	5.9215e-03	6.0859e-03	6.2722e-03	6.4299e-03	6.9198e-03	2.4559e-04
5.196000e-01	2.7309e-03	2.7450e-03	2.7679e-03	2.8128e-03	2.8267e-03	3.1659e-03	3.5909e-03	3.7867e-03	3.9700e-03	4.3202e-03	4.6398e-03	4.9926e-03	5.2938e-03	5.7459e-03	6.0265e-03	6.1909e-03	6.3732e-03	6.5308e-03	7.0248e-03	2.5062e-04
5.294000e-01	2.7845e-03	2.7987e-03	2.8226e-03	2.8685e-03	2.8824e-03	3.2270e-03	3.6595e-03	3.8577e-03	4.0438e-03	4.4010e-03	4.7269e-03	5.0827e-03	5.3908e-03	5.8486e-03	6.1316e-03	6.2977e-03	6.4770e-03	6.6316e-03	7.1342e-03	2.5589e-04
5.392000e-01	2.8399e-03	2.8546e-03	2.8784e-03	2.9243e-03	2.9385e-03	3.2904e-03	3.7297e-03	3.9316e-03	4.1214e-03	4.4839e-03	4.8143e-03	5.1771e-03	5.4902e-03	5.9555e-03	6.2408e-03	6.4044e-03	6.5836e-03	6.7329e-03	7.2445e-03	2.6136e-04
5.490000e-01	2.8958e-03	2.9105e-03	2.9344e-03	2.9821e-03	2.9965e-03	3.3538e-03	3.8011e-03	4.0058e-03	4.1990e-03	4.5685e-03	4.9032e-03	5.2723e-03	5.5895e-03	6.0627e-03	6.3501e-03	6.5162e-03	6.6902e-03	6.8402e-03	7.3548e-03	2.6702e-04
5.588000e-01	2.9528e-03	2.9680e-03	2.9926e-03	3.0402e-03	3.0545e-03	3.4200e-03	3.8730e-03	4.0819e-03	4.2788e-03	4.6533e-03	4.9943e-03	5.3691e-03	5.6940e-03	6.1717e-03	6.4615e-03	6.6290e-03	6.8013e-03	6.9475e-03	7.4695e-03	2.7300e-04
5.686000e-01	3.0112e-03	3.0263e-03	3.0508e-03	3.1000e-03	3.1150e-03	3.4866e-03	3.9480e-03	4.1603e-03	4.3606e-03	4.7418e-03	5.0854e-03	5.4696e-03	5.7986e-03	6.2837e-03	6.5771e-03	6.7428e-03	6.9148e-03	7.0554e-03	7.5854e-03	2.7914e-04
5.784000e-01	3.0697e-03	3.0857e-03	3.1115e-03	3.1613e-03	3.1763e-03	3.5549e-03	4.0229e-03	4.2388e-03	4.4427e-03	4.8302e-03	5.1814e-03	5.5702e-03	5.9056e-03	6.3957e-03	6.6927e-03	6.8629e-03	7.0283e-03	7.1696e-03	7.7013e-03	2.8572e-04
5.882000e-01	3.1315e-03	3.1474e-03	3.1730e-03	3.2233e-03	3.2391e-03	3.6249e-03	4.1010e-03	4.3216e-03	4.5288e-03	4.9212e-03	5.2781e-03	5.6752e-03	6.0156e-03	6.5128e-03	6.8136e-03	6.9829e-03	7.1482e-03	7.2837e-03	7.8218e-03	2.9248e-04
5.980000e-01	3.1933e-03	3.2091e-03	3.2360e-03	3.2883e-03	3.3039e-03	3.6953e-03	4.1805e-03	4.4044e-03	4.6150e-03	5.0139e-03	5.3770e-03	5.7815e-03	6.1256e-03	6.6316e-03	6.9368e-03	7.1069e-03	7.2692e-03	7.3993e-03	7.9435e-03	2.9974e-04
6.078000e-01	3.2578e-03	3.2744e-03	3.3013e-03	3.3533e-03	3.3692e-03	3.7690e-03	4.2613e-03	4.4901e-03	4.7040e-03	5.1073e-03	5.4796e-03	5.8896e-03	6.2410e-03	6.7521e-03	7.0610e-03	7.2348e-03	7.3910e-03	7.5210e-03	8.0653e-03	3.0726e-04
6.176000e-01	3.3234e-03	3.3399e-03	3.3668e-03	3.4216e-03	3.4380e-03	3.8427e-03	4.3457e-03	4.5777e-03	4.7948e-03	5.2062e-03	5.5823e-03	6.0019e-03	6.3568e-03	6.8790e-03	7.1924e-03	7.3628e-03	7.5202e-03	7.6426e-03	8.1924e-03	3.1522e-04
6.274000e-01	3.3907e-03	3.4081e-03	3.4363e-03	3.4906e-03	3.5069e-03	3.9195e-03	4.4300e-03	4.6664e-03	4.8865e-03	5.3051e-03	5.6909e-03	6.1143e-03	6.4759e-03	7.0060e-03	7.3237e-03	7.4983e-03	7.6493e-03	7.7668e-03	8.3211e-03	3.2356e-04
6.372000e-01	3.4605e-03	3.4778e-03	3.5057e-03	3.5619e-03	3.5789e-03	3.9976e-03	4.5192e-03	4.7590e-03	4.9824e-03	5.4085e-03	5.8000e-03	6.2321e-03	6.5994e-03	7.1391e-03	7.4604e-03	7.6349e-03	7.7820e-03	7.8966e-03	8.4498e-03	3.3221e-04
6.470000e-01	3.5309e-03	3.5491e-03	3.5784e-03	3.6351e-03	3.6520e-03	4.0778e-03	4.6088e-03	4.8516e-03	5.0782e-03	5.5141e-03	5.9126e-03	6.3510e-03	6.7229e-03	7.2748e-03	7.6007e-03	7.7745e-03	7.9200e-03	8.0264e-03	8.5874e-03	3.4152e-04
6.568000e-01	3.6052e-03	3.6232e-03	3.6522e-03	3.7095e-03	3.7273e-03	4.1613e-03	4.7015e-03	4.9489e-03	5.1796e-03	5.6216e-03	6.0287e-03	6.4733e-03	6.8553e-03	7.4130e-03	7.7420e-03	7.9203e-03	8.0580e-03	8.1609e-03	8.7271e-03	3.5110e-04
6.666000e-01	3.6794e-03	3.6978e-03	3.7283e-03	3.7873e-03	3.8049e-03	4.2454e-03	4.7967e-03	5.0471e-03	5.2825e-03	5.7345e-03	6.1456e-03	6.6006e-03	6.9878e-03	7.5584e-03	7.8921e-03	8.0662e-03	8.2037e-03	8.3000e-03	8.8669e-03	3.6143e-04
6.764000e-01	3.7580e-03	3.7768e-03	3.8069e-03	3.8653e-03	3.8838e-03	4.3350e-03	4.8935e-03	5.1490e-03	5.3887e-03	5.8474e-03	6.2693e-03	6.7280e-03	7.1262e-03	7.7039e-03	8.0421e-03	8.2208e-03	8.3518e-03	8.4392e-03	9.0185e-03	3.7234e-04
6.862000e-01	3.8372e-03	3.8557e-03	3.8870e-03	3.9486e-03	3.9668e-03	4.4245e-03	4.9950e-03	5.2548e-03	5.4992e-03	5.9678e-03	6.3930e-03	6.8653e-03	7.2688e-03	7.8584e-03	8.1996e-03	8.3772e-03	8.5023e-03	8.5880e-03	9.1708e-03	3.8376e-04
6.960000e-01	3.9203e-03	3.9398e-03	3.9712e-03	4.0318e-03	4.0501e-03	4.5197e-03	5.0964e-03	5.3622e-03	5.6110e-03	6.0886e-03	6.5239e-03	7.0025e-03	7.4140e-03	8.0145e-03	8.3606e-03	8.5387e-03	8.6637e-03	8.7400e-03	9.3257e-03	3.9635e-04
7.058000e-01	4.0052e-03	4.0245e-03	4.0561e-03	4.1206e-03	4.1397e-03	4.6159e-03	5.2060e-03	5.4762e-03	5.7300e-03	6.2151e-03	6.6571e-03	7.1475e-03	7.5677e-03	8.1766e-03	8.5257e-03	8.7086e-03	8.8252e-03	8.8937e-03	9.4923e-03	4.0969e-04
7.156000e-01	4.0938e-03	4.1142e-03	4.1470e-03	4.2104e-03	4.2292e-03	4.7168e-03	5.3156e-03	5.5902e-03	5.8489e-03	6.3447e-03	6.7957e-03	7.2957e-03	7.7214e-03	8.3447e-03	8.7006e-03	8.8789e-03	8.9971e-03	9.0604e-03	9.6589e-03	4.2380e-04
7.254000e-01	4.1857e-03	4.2057e-03	4.2379e-03	4.3054e-03	4.3254e-03	4.8202e-03	5.4324e-03	5.7134e-03	5.9767e-03	6.4787e-03	6.9400e-03	7.4496e-03	7.8871e-03	8.5161e-03	8.8756e-03	9.0641e-03	9.1738e-03	9.2272e-03	9.8343e-03	4.3880e-04
7.352000e-01	4.2809e-03	4.3023e-03	4.3365e-03	4.4027e-03	4.4223e-03	4.9280e-03	5.5510e-03	5.8366e-03	6.1050e-03	6.6191e-03	7.0879e-03	7.6102e-03	8.0531e-03	8.6989e-03	9.0662e-03	9.2494e-03	9.3560e-03	9.4040e-03	1.0017e-02	4.5495e-04
7.450000e-01	4.3806e-03	4.4015e-03	4.4350e-03	4.5052e-03	4.5260e-03	5.0395e-03	5.6765e-03	5.9686e-03	6.2416e-03	6.7624e-03	7.2447e-03	7.7747e-03	8.2299e-03	8.8823e-03	9.2568e-03	9.4478e-03	9.5501e-03	9.5878e-03	1.0200e-02	4.7212e-04
7.548000e-01	4.4839e-03	4.5062e-03	4.5418e-03	4.6107e-03	4.6310e-03	5.1559e-03	5.8054e-03	6.1022e-03	6.3804e-03	6.9154e-03	7.4038e-03	7.9491e-03	8.4098e-03	9.0819e-03	9.4618e-03	9.6505e-03	9.7453e-03	9.7756e-03	1.0402e-02	4.9048e-04
7.646000e-01	4.5923e-03	4.6141e-03	4.6489e-03	4.7222e-03	4.7438e-03	5.2775e-03	5.9414e-03	6.2448e-03	6.5279e-03	7.0706e-03	7.5749e-03	8.1265e-03	8.6006e-03	9.2814e-03	9.6703e-03	9.8647e-03	9.9593e-03	9.9789e-03	1.0604e-02	5.1023e-04
7.744000e-01	4.7056e-03	4.7287e-03	4.7655e-03	4.8370e-03	4.8580e-03	5.4047e-03	6.0818e-03	6.3900e-03	6.6792e-03	7.2379e-03	7.7478e-03	8.3167e-03	8.7974e-03	9.4987e-03	9.8928e-03	1.0087e-02	1.0173e-02	1.0182e-02	1.0820e-02	5.3164e-04
7.842000e-01	4.8238e-03	4.8464e-03	4.8835e-03	4.9595e-03	4.9818e-03	5.5376e-03	6.2306e-03	6.5459e-03	6.8406e-03	7.4079e-03	7.9350e-03	8.5101e-03	9.0058e-03	9.7173e-03	1.0122e-02	1.0322e-02	1.0409e-02	1.0408e-02	1.1045e-02	5.5506e-04
7.940000e-01	4.9492e-03	4.9732e-03	5.0112e-03	5.0849e-03	5.1073e-03	5.6784e-03	6.3842e-03	6.7048e-03	7.0066e-03	7.5915e-03	8.1253e-03	8.7190e-03	9.2219e-03	9.9560e-03	1.0367e-02	1.0567e-02	1.0647e-02	1.0635e-02	1.1280e-02	5.8098e-04
8.038000e-01	5.0788e-03	5.1025e-03	5.1429e-03	5.2213e-03	5.2442e-03	5.8245e-03	6.5492e-03	6.8777e-03	7.1856e-03	7.7803e-03	8.3310e-03	8.9333e-03	9.4527e-03	1.0197e-02	1.0619e-02	1.0827e-02	1.0907e-02	1.0883e-02	1.1532e-02	6.1001e-04
8.136000e-01	5.2195e-03	5.2442e-03	5.2831e-03	5.3610e-03	5.3854e-03	5.9825e-03	6.7179e-03	7.0535e-03	7.3685e-03	7.9829e-03	8.5433e-03	9.1638e-03	9.6910e-03	1.0463e-02	1.0892e-02	1.1098e-02	1.1170e-02	1.1135e-02	1.1793e-02	6.4221e-04
8.234000e-01	5.3644e-03	5.3907e-03	5.4321e-03	5.5127e-03	5.5362e-03	6.1449e-03	6.9035e-03	7.2470e-03	7.5701e-03	8.1957e-03	8.7705e-03	9.4052e-03	9.9503e-03	1.0734e-02	1.1170e-02	1.1389e-02	1.1462e-02	1.1413e-02	1.2077e-02	6.7766e-04
8.332000e-01	5.5218e-03	5.5471e-03	5.5869e-03	5.6724e-03	5.6975e-03	6.3239e-03	7.0950e-03	7.4477e-03	7.7781e-03	8.4202e-03	9.0113e-03	9.6609e-03	1.0217e-02	1.1028e-02	1.1478e-02	1.1689e-02	1.1760e-02	1.1696e-02	1.2376e-02	7.1698e-04
8.430000e-01	5.6890e-03	5.7160e-03	5.7583e-03	5.8407e-03	5.8658e-03	6.5116e-03	7.3021e-03	7.6632e-03	8.0039e-03	8.6635e-03	9.2636e-03	9.9378e-03	1.0512e-02	1.1338e-02	1.1795e-02	1.2021e-02	1.2088e-02	1.2015e-02	1.2700e-02	7.6097e-04
8.528000e-01	5.8650e-03	5.8939e-03	5.9389e-03	6.0269e-03	6.0524e-03	6.7101e-03	7.5249e-03	7.8971e-03	8.2463e-03	8.9172e-03	9.5422e-03	1.0227e-02	1.0821e-02	1.1665e-02	1.2139e-02	1.2367e-02	1.2436e-02	1.2345e-02	1.3053e-02	8.1152e-04
8.626000e-01	6.0608e-03	6.0883e-03	6.1310e-03	6.2250e-03	6.2523e-03	6.9291e-03	7.7605e-03	8.1445e-03	8.5020e-03	9.1957e-03	9.8358e-03	1.0548e-02	1.1149e-02	1.2025e-02	1.2510e-02	1.2741e-02	1.2806e-02	1.2711e-02	1.3428e-02	8.6958e-04
8.724000e-01	6.2725e-03	6.3018e-03	6.3473e-03	6.4380e-03	6.4667e-03	7.1628e-03	8.0217e-03	8.4166e-03	8.7841e-03	9.4968e-03	1.0154e-02	1.0892e-02	1.1512e-02	1.2407e-02	1.2902e-02	1.3152e-02	1.3223e-02	1.3112e-02	1.3857e-02	9.3653e-04
8.822000e-01	6.5020e-03	6.5328e-03	6.5806e-03	6.6742e-03	6.7013e-03	7.4146e-03	8.3085e-03	8.7140e-03	9.0900e-03	9.8209e-03	1.0510e-02	1.1260e-02	1.1901e-02	1.2819e-02	1.3339e-02	1.3593e-02	1.3672e-02	1.3548e-02	1.4315e-02	1.0145e-03
8.920000e-01	6.7523e-03	6.7847e-03	6.8346e-03	6.9327e-03	6.9609e-03	7.6944e-03	8.6205e-03	9.0365e-03	9.4223e-03	1.0177e-02	1.0896e-02	1.1663e-02	1.2321e-02	1.3285e-02	1.3819e-02	1.4073e-02	1.4160e-02	1.4034e-02	1.4810e-02	1.1072e-03
9.018000e-01	7.0300e-03	7.0621e-03	7.1143e-03	7.2172e-03	7.2468e-03	8.0094e-03	8.9628e-03	9.3913e-03	9.7891e-03	1.0585e-02	1.1318e-02	1.2114e-02	1.2792e-02	1.3796e-02	1.4343e-02	1.4611e-02	1.4700e-02	1.4576e-02	1.5365e-02	1.2183e-03
9.116000e-01	7.3423e-03	7.3735e-03	7.4278e-03	7.5357e-03	7.5667e-03	8.3642e-03	9.3448e-03	9.7891e-03	1.0203e-02	1.1036e-02	1.1786e-02	1.2615e-02	1.3327e-02	1.4362e-02	1.4921e-02	1.5204e-02	1.5304e-02	1.5175e-02	1.5995e-02	1.3548e-03
9.214000e-01	7.6967e-03	7.7296e-03	7.7870e-03	7.9005e-03	7.9329e-03	8.7643e-03	9.7808e-03	1.0246e-02	1.0684e-02	1.1541e-02	1.2317e-02	1.3187e-02	1.3932e-02	1.4994e-02	1.5570e-02	1.5871e-02	1.5984e-02	1.5853e-02	1.6716e-02	1.5248e-03
9.312000e-01	8.1114e-03	8.1506e-03	8.2102e-03	8.3281e-03	8.3617e-03	9.2210e-03	1.0293e-02	1.0786e-02	1.1235e-02	1.2119e-02	1.2934e-02	1.3849e-02	1.4619e-02	1.5717e-02	1.6318e-02	1.6638e-02	1.6768e-02	1.6640e-02	1.7572e-02	1.7439e-03
9.410000e-01	8.6144e-03	8.6532e-03	8.7120e-03	8.8289e-03	8.8621e-03	9.7583e-03	1.0908e-02	1.1414e-02	1.1878e-02	1.2796e-02	1.3676e-02	1.4619e-02	1.5411e-02	1.6568e-02	1.7209e-02	1.7549e-02	1.7700e-02	1.7587e-02	1.8568e-02	2.0344e-03
9.508000e-01	9.2092e-03	9.2471e-03	9.3059e-03	9.4387e-03	9.4763e-03	1.0437e-02	1.1633e-02	1.2160e-02	1.2653e-02	1.3647e-02	1.4564e-02	1.5534e-02	1.6381e-02	1.7607e-02	1.8285e-02	1.8630e-02	1.8820e-02	1.8723e-02	1.9773e-02	2.4393e-03
9.606000e-01	9.9692e-03	1.0012e-02	1.0076e-02	1.0207e-02	1.0251e-02	1.1293e-02	1.2555e-02	1.3122e-02	1.3656e-02	1.4705e-02	1.5661e-02	1.6701e-02	1.7619e-02	1.8904e-02	1.9589e-02	1.9979e-02	2.0187e-02	2.0129e-02	2.1256e-02	3.0458e-03
9.704000e-01	1.1029e-02	1.1075e-02	1.1143e-02	1.1295e-02	1.1339e-02	1.2429e-02	1.3828e-02	1.4447e-02	1.5006e-02	1.6102e-02	1.7149e-02	1.8301e-02	1.9251e-02	2.0577e-02	2.1313e-02	2.1766e-02	2.2031e-02	2.2016e-02	2.3302e-02	4.0534e-03
9.802000e-01	1.2597e-02	1.2647e-02	1.2721e-02	1.2879e-02	1.2931e-02	1.4198e-02	1.5725e-02	1.6380e-02	1.6985e-02	1.8280e-02	1.9391e-02	2.0584e-02	2.1626e-02	2.3139e-02	2.3973e-02	2.4432e-02	2.4752e-02	2.4815e-02	2.6249e-02	6.0573e-03
9.900000e-01	1.5711e-02	1.5774e-02	1.5862e-02	1.6047e-02	1.6098e-02	1.7602e-02	1.9413e-02	2.0172e-02	2.0864e-02	2.2279e-02	2.3616e-02	2.4990e-02	2.6131e-02	2.7758e-02	2.8736e-02	2.9332e-02	2.9781e-02	3.0070e-02	3.1860e-02	1.1986e-02
9.900503e-01	1.5736e-02	1.5798e-02	1.5886e-02	1.6070e-02	1.6121e-02	1.7630e-02	1.9439e-02	2.0200e-02	2.0895e-02	2.2310e-02	2.3652e-02	2.5024e-02	2.6166e-02	2.7793e-02	2.8777e-02	2.9369e-02	2.9824e-02	3.0113e-02	3.1902e-02	1.2046e-02
9.901005e-01	1.5761e-02	1.5823e-02	1.5911e-02	1.6094e-02	1.6144e-02	1.7657e-02	1.9466e-02	2.0228e-02	2.0925e-02	2.2340e-02	2.3687e-02	2.5058e-02	2.6201e-02	2.7829e-02	2.8818e-02	2.9407e-02	2.9866e-02	3.0156e-02	3.1943e-02	1.2106e-02
9.901508e-01	1.5786e-02	1.5848e-02	1.5935e-02	1.6117e-02	1.6167e-02	1.7684e-02	1.9497e-02	2.0255e-02	2.0955e-02	2.2373e-02	2.3722e-02	2.5092e-02	2.6237e-02	2.7864e-02	2.8859e-02	2.9445e-02	2.9909e-02	3.0199e-02	3.1985e-02	1.2165e-02
9.902010e-01	1.5812e-02	1.5873e-02	1.5959e-02	1.6140e-02	1.6192e-02	1.7712e-02	1.9529e-02	2.0283e-02	2.0985e-02	2.2410e-02	2.3758e-02	2.5126e-02	2.6272e-02	2.7900e-02	2.8900e-02	2.9483e-02	2.9951e-02	3.0241e-02	3.2026e-02	1.2225e-02
9.902513e-01	1.5837e-02	1.5898e-02	1.5984e-02	1.6164e-02	1.6221e-02	1.7739e-02	1.9561e-02	2.0311e-02	2.1015e-02	2.2448e-02	2.3793e-02	2.5161e-02	2.6307e-02	2.7935e-02	2.8941e-02	2.9524e-02	2.9993e-02	3.0284e-02	3.2068e-02	1.2287e-02
9.903015e-01	1.5862e-02	1.5922e-02	1.6008e-02	1.6188e-02	1.6249e-02	1.7769e-02	1.9593e-02	2.0339e-02	2.1046e-02	2.2485e-02	2.3829e-02	2.5195e-02	2.6342e-02	2.7970e-02	2.8981e-02	2.9568e-02	3.0036e-02	3.0327e-02	3.2109e-02	1.2353e-02
9.903518e-01	1.5887e-02	1.5947e-02	1.6032e-02	1.6217e-02	1.6278e-02	1.7801e-02	1.9625e-02	2.0366e-02	2.1076e-02	2.2522e-02	2.3864e-02	2.5229e-02	2.6378e-02	2.8006e-02	2.9022e-02	2.9612e-02	3.0078e-02	3.0370e-02	3.2151e-02	1.2419e-02
9.904020e-01	1.5912e-02	1.5972e-02	1.6057e-02	1.6246e-02	1.6306e-02	1.7833e-02	1.9657e-02	2.0395e-02	2.1106e-02	2.2559e-02	2.3899e-02	2.5263e-02	2.6413e-02	2.8041e-02	2.9063e-02	2.9657e-02	3.0121e-02	3.0413e-02	3.2192e-02	1.2484e-02
9.904523e-01	1.5937e-02	1.5997e-02	1.6081e-02	1.6275e-02	1.6335e-02	1.7864e-02	1.9688e-02	2.0430e-02	2.1136e-02	2.2597e-02	2.3935e-02	2.5297e-02	2.6448e-02	2.8077e-02	2.9104e-02	2.9701e-02	3.0163e-02	3.0455e-02	3.2234e-02	1.2550e-02
9.905025e-01	1.5962e-02	1.6022e-02	1.6105e-02	1.6304e-02	1.6364e-02	1.7896e-02	1.9720e-02	2.0464e-02	2.1167e-02	2.2634e-02	2.3970e-02	2.5332e-02	2.6483e-02	2.8112e-02	2.9145e-02	2.9746e-02	3.0206e-02	3.0498e-02	3.2275e-02	1.2616e-02
9.905528e-01	1.5988e-02	1.6047e-02	1.6130e-02	1.6333e-02	1.6392e-02	1.7928e-02	1.9752e-02	2.0498e-02	2.1197e-02	2.2671e-02	2.4006e-02	2.5366e-02	2.6519e-02	2.8148e-02	2.9186e-02	2.9790e-02	3.0248e-02	3.0541e-02	3.2317e-02	1.2681e-02
9.906030e-01	1.6013e-02	1.6071e-02	1.6154e-02	1.6362e-02	1.6421e-02	1.7959e-02	1.9784e-02	2.0532e-02	2.1227e-02	2.2709e-02	2.4041e-02	2.5400e-02	2.6554e-02	2.8186e-02	2.9226e-02	2.9835e-02	3.0291e-02	3.0584e-02	3.2358e-02	1.2747e-02
9.906533e-01	1.6038e-02	1.6096e-02	1.6178e-02	1.6391e-02	1.6449e-02	1.7991e-02	1.9816e-02	2.0567e-02	2.1257e-02	2.2746e-02	2.4076e-02	2.5434e-02	2.6589e-02	2.8233e-02	2.9267e-02	2.9879e-02	3.0333e-02	3.0627e-02	3.2408e-02	1.2813e-02
9.907035e-01	1.6063e-02	1.6121e-02	1.6208e-02	1.6420e-02	1.6478e-02	1.8023e-02	1.9848e-02	2.0601e-02	2.1287e-02	2.2783e-02	2.4112e-02	2.5468e-02	2.6624e-02	2.8279e-02	2.9308e-02	2.9924e-02	3.0376e-02	3.0669e-02	3.2458e-02	1.2882e-02
9.907538e-01	1.6088e-02	1.6146e-02	1.6238e-02	1.6449e-02	1.6507e-02	1.8054e-02	1.9880e-02	2.0635e-02	2.1318e-02	2.2821e-02	2.4147e-02	2.5502e-02	2.6659e-02	2.8326e-02	2.9349e-02	2.9968e-02	3.0418e-02	3.0712e-02	3.2509e-02	1.2955e-02
9.908040e-01	1.6113e-02	1.6171e-02	1.6268e-02	1.6478e-02	1.6535e-02	1.8086e-02	1.9911e-02	2.0669e-02	2.1348e-02	2.2858e-02	2.4182e-02	2.5537e-02	2.6695e-02	2.8373e-02	2.9390e-02	3.0013e-02	3.0460e-02	3.0755e-02	3.2559e-02	1.3027e-02
9.908543e-01	1.6139e-02	1.6199e-02	1.6298e-02	1.6507e-02	1.6564e-02	1.8118e-02	1.9943e-02	2.0704e-02	2.1386e-02	2.2895e-02	2.4218e-02	2.5571e-02	2.6730e-02	2.8419e-02	2.9431e-02	3.0057e-02	3.0503e-02	3.0798e-02	3.2609e-02	1.3100e-02
9.909045e-01	1.6164e-02	1.6230e-02	1.6328e-02	1.6536e-02	1.6593e-02	1.8149e-02	1.9975e-02	2.0738e-02	2.1424e-02	2.2933e-02	2.4253e-02	2.5605e-02	2.6765e-02	2.8466e-02	2.9471e-02	3.0102e-02	3.0545e-02	3.0841e-02	3.2660e-02	1.3173e-02
9.909548e-01	1.6190e-02	1.6260e-02	1.6359e-02	1.6565e-02	1.6621e-02	1.8181e-02	2.0007e-02	2.0772e-02	2.1463e-02	2.2970e-02	2.4289e-02	2.5639e-02	2.6800e-02	2.8512e-02	2.9513e-02	3.0146e-02	3.0588e-02	3.0884e-02	3.2710e-02	1.3245e-02
9.910050e-01	1.6222e-02	1.6291e-02	1.6389e-02	1.6594e-02	1.6650e-02	1.8213e-02	2.0039e-02	2.0806e-02	2.1502e-02	2.3007e-02	2.4324e-02	2.5673e-02	2.6836e-02	2.8559e-02	2.9561e-02	3.0190e-02	3.0630e-02	3.0931e-02	3.2761e-02	1.3318e-02
9.910553e-01	1.6253e-02	1.6322e-02	1.6419e-02	1.6622e-02	1.6678e-02	1.8244e-02	2.0071e-02	2.0840e-02	2.1541e-02	2.3044e-02	2.4359e-02	2.5713e-02	2.6871e-02	2.8605e-02	2.9609e-02	3.0235e-02	3.0673e-02	3.0982e-02	3.2811e-02	1.3390e-02
9.911055e-01	1.6284e-02	1.6353e-02	1.6449e-02	1.6651e-02	1.6707e-02	1.8276e-02	2.0103e-02	2.0875e-02	2.1580e-02	2.3082e-02	2.4395e-02	2.5755e-02	2.6907e-02	2.8652e-02	2.9657e-02	3.0279e-02	3.0715e-02	3.1033e-02	3.2861e-02	1.3464e-02
9.911558e-01	1.6315e-02	1.6383e-02	1.6479e-02	1.6680e-02	1.6736e-02	1.8308e-02	2.0134e-02	2.0909e-02	2.1619e-02	2.3119e-02	2.4430e-02	2.5797e-02	2.6953e-02	2.8699e-02	2.9705e-02	3.0324e-02	3.0758e-02	3.1084e-02	3.2912e-02	1.3544e-02
9.912060e-01	1.6346e-02	1.6414e-02	1.6509e-02	1.6709e-02	1.6764e-02	1.8339e-02	2.0166e-02	2.0943e-02	2.1658e-02	2.3156e-02	2.4466e-02	2.5839e-02	2.6998e-02	2.8745e-02	2.9753e-02	3.0368e-02	3.0800e-02	3.1135e-02	3.2962e-02	1.3624e-02
9.912563e-01	1.6377e-02	1.6445e-02	1.6540e-02	1.6738e-02	1.6793e-02	1.8371e-02	2.0198e-02	2.0977e-02	2.1697e-02	2.3194e-02	2.4501e-02	2.5881e-02	2.7043e-02	2.8792e-02	2.9801e-02	3.0413e-02	3.0842e-02	3.1186e-02	3.3013e-02	1.3703e-02
9.913065e-01	1.6409e-02	1.6476e-02	1.6570e-02	1.6767e-02	1.6821e-02	1.8403e-02	2.0230e-02	2.1012e-02	2.1735e-02	2.3231e-02	2.4538e-02	2.5923e-02	2.7088e-02	2.8838e-02	2.9849e-02	3.0457e-02	3.0885e-02	3.1237e-02	3.3063e-02	1.3783e-02
9.913568e-01	1.6440e-02	1.6506e-02	1.6600e-02	1.6796e-02	1.6850e-02	1.8434e-02	2.0262e-02	2.1046e-02	2.1774e-02	2.3268e-02	2.4581e-02	2.5966e-02	2.7133e-02	2.8885e-02	2.9897e-02	3.0502e-02	3.0933e-02	3.1288e-02	3.3114e-02	1.3863e-02
9.914070e-01	1.6471e-02	1.6537e-02	1.6630e-02	1.6825e-02	1.6879e-02	1.8466e-02	2.0294e-02	2.1080e-02	2.1813e-02	2.3306e-02	2.4623e-02	2.6008e-02	2.7179e-02	2.8931e-02	2.9945e-02	3.0546e-02	3.0983e-02	3.1339e-02	3.3164e-02	1.3943e-02
9.914573e-01	1.6502e-02	1.6568e-02	1.6660e-02	1.6854e-02	1.6907e-02	1.8497e-02	2.0326e-02	2.1114e-02	2.1852e-02	2.3343e-02	2.4666e-02	2.6050e-02	2.7224e-02	2.8978e-02	2.9993e-02	3.0591e-02	3.1034e-02	3.1390e-02	3.3214e-02	1.4023e-02
9.915075e-01	1.6533e-02	1.6599e-02	1.6690e-02	1.6883e-02	1.6936e-02	1.8529e-02	2.0357e-02	2.1148e-02	2.1891e-02	2.3380e-02	2.4708e-02	2.6092e-02	2.7269e-02	2.9025e-02	3.0041e-02	3.0635e-02	3.1085e-02	3.1441e-02	3.3265e-02	1.4104e-02
9.915578e-01	1.6564e-02	1.6629e-02	1.6720e-02	1.6912e-02	1.6969e-02	1.8561e-02	2.0390e-02	2.1183e-02	2.1930e-02	2.3417e-02	2.4751e-02	2.6134e-02	2.7314e-02	2.9071e-02	3.0089e-02	3.0680e-02	3.1136e-02	3.1492e-02	3.3315e-02	1.4191e-02
9.916080e-01	1.6596e-02	1.6660e-02	1.6751e-02	1.6941e-02	1.7006e-02	1.8593e-02	2.0429e-02	2.1217e-02	2.1969e-02	2.3461e-02	2.4793e-02	2.6176e-02	2.7359e-02	2.9118e-02	3.0137e-02	3.0724e-02	3.1187e-02	3.1543e-02	3.3366e-02	1.4278e-02
9.916583e-01	1.6627e-02	1.6691e-02	1.6781e-02	1.6976e-02	1.7043e-02	1.8630e-02	2.0468e-02	2.1251e-02	2.2008e-02	2.3505e-02	2.4836e-02	2.6219e-02	2.7405e-02	2.9164e-02	3.0185e-02	3.0768e-02	3.1237e-02	3.1594e-02	3.3416e-02	1.4365e-02
9.917085e-01	1.6658e-02	1.6722e-02	1.6811e-02	1.7014e-02	1.7080e-02	1.8668e-02	2.0508e-02	2.1285e-02	2.2046e-02	2.3548e-02	2.4878e-02	2.6261e-02	2.7450e-02	2.9211e-02	3.0233e-02	3.0813e-02	3.1288e-02	3.1645e-02	3.3467e-02	1.4452e-02
9.917588e-01	1.6689e-02	1.6752e-02	1.6841e-02	1.7051e-02	1.7117e-02	1.8705e-02	2.0547e-02	2.1320e-02	2.2085e-02	2.3592e-02	2.4921e-02	2.6303e-02	2.7495e-02	2.9257e-02	3.0281e-02	3.0857e-02	3.1339e-02	3.1696e-02	3.3517e-02	1.4539e-02
9.918090e-01	1.6720e-02	1.6783e-02	1.6871e-02	1.7088e-02	1.7154e-02	1.8742e-02	2.0586e-02	2.1354e-02	2.2124e-02	2.3636e-02	2.4963e-02	2.6345e-02	2.7540e-02	2.9304e-02	3.0329e-02	3.0902e-02	3.1390e-02	3.1747e-02	3.3567e-02	1.4626e-02
9.918593e-01	1.6751e-02	1.6814e-02	1.6901e-02	1.7126e-02	1.7191e-02	1.8779e-02	2.0626e-02	2.1398e-02	2.2163e-02	2.3680e-02	2.5006e-02	2.6387e-02	2.7585e-02	2.9351e-02	3.0377e-02	3.0955e-02	3.1441e-02	3.1798e-02	3.3618e-02	1.4713e-02
9.919095e-01	1.6782e-02	1.6845e-02	1.6932e-02	1.7163e-02	1.7227e-02	1.8816e-02	2.0665e-02	2.1442e-02	2.2202e-02	2.3724e-02	2.5048e-02	2.6429e-02	2.7631e-02	2.9397e-02	3.0425e-02	3.1009e-02	3.1491e-02	3.1849e-02	3.3668e-02	1.4805e-02
9.919598e-01	1.6814e-02	1.6875e-02	1.6966e-02	1.7200e-02	1.7264e-02	1.8854e-02	2.0704e-02	2.1487e-02	2.2241e-02	2.3767e-02	2.5091e-02	2.6472e-02	2.7676e-02	2.9444e-02	3.0473e-02	3.1062e-02	3.1542e-02	3.1900e-02	3.3719e-02	1.4899e-02
9.920101e-01	1.6845e-02	1.6906e-02	1.7005e-02	1.7237e-02	1.7301e-02	1.8891e-02	2.0744e-02	2.1531e-02	2.2280e-02	2.3811e-02	2.5133e-02	2.6514e-02	2.7721e-02	2.9490e-02	3.0521e-02	3.1115e-02	3.1593e-02	3.1951e-02	3.3769e-02	1.4994e-02
9.920603e-01	1.6876e-02	1.6937e-02	1.7044e-02	1.7275e-02	1.7338e-02	1.8928e-02	2.0783e-02	2.1575e-02	2.2318e-02	2.3855e-02	2.5176e-02	2.6556e-02	2.7766e-02	2.9543e-02	3.0569e-02	3.1168e-02	3.1644e-02	3.2003e-02	3.3819e-02	1.5089e-02
9.921106e-01	1.6907e-02	1.6974e-02	1.7083e-02	1.7312e-02	1.7375e-02	1.8965e-02	2.0822e-02	2.1619e-02	2.2357e-02	2.3899e-02	2.5218e-02	2.6598e-02	2.7811e-02	2.9597e-02	3.0617e-02	3.1222e-02	3.1695e-02	3.2054e-02	3.3870e-02	1.5184e-02
9.921608e-01	1.6938e-02	1.7013e-02	1.7121e-02	1.7349e-02	1.7412e-02	1.9002e-02	2.0862e-02	2.1663e-02	2.2404e-02	2.3942e-02	2.5261e-02	2.6640e-02	2.7857e-02	2.9652e-02	3.0665e-02	3.1275e-02	3.1745e-02	3.2105e-02	3.3928e-02	1.5279e-02
9.922111e-01	1.6976e-02	1.7053e-02	1.7160e-02	1.7387e-02	1.7449e-02	1.9040e-02	2.0901e-02	2.1707e-02	2.2452e-02	2.3986e-02	2.5303e-02	2.6683e-02	2.7902e-02	2.9707e-02	3.0713e-02	3.1328e-02	3.1796e-02	3.2156e-02	3.3991e-02	1.5374e-02
9.922613e-01	1.7016e-02	1.7092e-02	1.7199e-02	1.7424e-02	1.7485e-02	1.9077e-02	2.0940e-02	2.1751e-02	2.2500e-02	2.4030e-02	2.5345e-02	2.6725e-02	2.7947e-02	2.9762e-02	3.0761e-02	3.1382e-02	3.1847e-02	3.2207e-02	3.4055e-02	1.5471e-02
9.923116e-01	1.7056e-02	1.7132e-02	1.7238e-02	1.7461e-02	1.7522e-02	1.9114e-02	2.0979e-02	2.1795e-02	2.2547e-02	2.4074e-02	2.5388e-02	2.6767e-02	2.7992e-02	2.9816e-02	3.0809e-02	3.1435e-02	3.1898e-02	3.2258e-02	3.4118e-02	1.5575e-02
9.923618e-01	1.7096e-02	1.7172e-02	1.7277e-02	1.7499e-02	1.7559e-02	1.9151e-02	2.1019e-02	2.1839e-02	2.2595e-02	2.4118e-02	2.5430e-02	2.6809e-02	2.8037e-02	2.9871e-02	3.0857e-02	3.1488e-02	3.1949e-02	3.2309e-02	3.4182e-02	1.5679e-02
9.924121e-01	1.7137e-02	1.7211e-02	1.7316e-02	1.7536e-02	1.7596e-02	1.9188e-02	2.1058e-02	2.1883e-02	2.2643e-02	2.4161e-02	2.5473e-02	2.6851e-02	2.8082e-02	2.9926e-02	3.0906e-02	3.1541e-02	3.1999e-02	3.2360e-02	3.4245e-02	1.5783e-02
9.924623e-01	1.7177e-02	1.7251e-02	1.7355e-02	1.7573e-02	1.7633e-02	1.9225e-02	2.1097e-02	2.1927e-02	2.2690e-02	2.4205e-02	2.5515e-02	2.6893e-02	2.8128e-02	2.9981e-02	3.0964e-02	3.1595e-02	3.2050e-02	3.2422e-02	3.4308e-02	1.5888e-02
9.925126e-01	1.7217e-02	1.7291e-02	1.7394e-02	1.7610e-02	1.7670e-02	1.9263e-02	2.1137e-02	2.1971e-02	2.2738e-02	2.4249e-02	2.5558e-02	2.6945e-02	2.8173e-02	3.0036e-02	3.1021e-02	3.1648e-02	3.2101e-02	3.2484e-02	3.4372e-02	1.5992e-02
9.925628e-01	1.7257e-02	1.7330e-02	1.7432e-02	1.7648e-02	1.7707e-02	1.9300e-02	2.1176e-02	2.2015e-02	2.2786e-02	2.4293e-02	2.5600e-02	2.7000e-02	2.8233e-02	3.0090e-02	3.1079e-02	3.1701e-02	3.2152e-02	3.2547e-02	3.4435e-02	1.6096e-02
9.926131e-01	1.7297e-02	1.7370e-02	1.7471e-02	1.7685e-02	1.7743e-02	1.9337e-02	2.1215e-02	2.2059e-02	2.2834e-02	2.4336e-02	2.5643e-02	2.7054e-02	2.8292e-02	3.0145e-02	3.1136e-02	3.1755e-02	3.2203e-02	3.2609e-02	3.4499e-02	1.6202e-02
9.926633e-01	1.7337e-02	1.7410e-02	1.7510e-02	1.7722e-02	1.7785e-02	1.9374e-02	2.1255e-02	2.2103e-02	2.2881e-02	2.4380e-02	2.5685e-02	2.7108e-02	2.8352e-02	3.0200e-02	3.1194e-02	3.1808e-02	3.2253e-02	3.2672e-02	3.4562e-02	1.6317e-02
9.927136e-01	1.7378e-02	1.7449e-02	1.7549e-02	1.7761e-02	1.7828e-02	1.9411e-02	2.1294e-02	2.2148e-02	2.2929e-02	2.4424e-02	2.5738e-02	2.7162e-02	2.8412e-02	3.0255e-02	3.1251e-02	3.1861e-02	3.2304e-02	3.2734e-02	3.4626e-02	1.6432e-02
9.927638e-01	1.7418e-02	1.7489e-02	1.7588e-02	1.7804e-02	1.7870e-02	1.9449e-02	2.1333e-02	2.2192e-02	2.2977e-02	2.4468e-02	2.5790e-02	2.7217e-02	2.8471e-02	3.0309e-02	3.1309e-02	3.1914e-02	3.2355e-02	3.2797e-02	3.4689e-02	1.6547e-02
9.928141e-01	1.7458e-02	1.7528e-02	1.7627e-02	1.7847e-02	1.7913e-02	1.9490e-02	2.1379e-02	2.2236e-02	2.3024e-02	2.4512e-02	2.5843e-02	2.7271e-02	2.8531e-02	3.0364e-02	3.1367e-02	3.1968e-02	3.2416e-02	3.2859e-02	3.4753e-02	1.6662e-02
9.928643e-01	1.7498e-02	1.7568e-02	1.7666e-02	1.7890e-02	1.7955e-02	1.9534e-02	2.1429e-02	2.2280e-02	2.3072e-02	2.4561e-02	2.5895e-02	2.7325e-02	2.8591e-02	3.0419e-02	3.1424e-02	3.2021e-02	3.2479e-02	3.2922e-02	3.4816e-02	1.6777e-02
9.929146e-01	1.7538e-02	1.7608e-02	1.7705e-02	1.7934e-02	1.7998e-02	1.9579e-02	2.1480e-02	2.2324e-02	2.3120e-02	2.4614e-02	2.5948e-02	2.7379e-02	2.8651e-02	3.0474e-02	3.1482e-02	3.2074e-02	3.2541e-02	3.2984e-02	3.4880e-02	1.6892e-02
9.929648e-01	1.7578e-02	1.7647e-02	1.7743e-02	1.7977e-02	1.8040e-02	1.9624e-02	2.1531e-02	2.2369e-02	2.3168e-02	2.4666e-02	2.6000e-02	2.7434e-02	2.8710e-02	3.0529e-02	3.1539e-02	3.2128e-02	3.2604e-02	3.3047e-02	3.4943e-02	1.7013e-02
9.930151e-01	1.7619e-02	1.7687e-02	1.7787e-02	1.8020e-02	1.8083e-02	1.9668e-02	2.1581e-02	2.2424e-02	2.3215e-02	2.4719e-02	2.6053e-02	2.7488e-02	2.8770e-02	3.0583e-02	3.1597e-02	3.2181e-02	3.2666e-02	3.3109e-02	3.5007e-02	1.7140e-02
9.930653e-01	1.7659e-02	1.7727e-02	1.7832e-02	1.8063e-02	1.8126e-02	1.9713e-02	2.1632e-02	2.2478e-02	2.3263e-02	2.4771e-02	2.6105e-02	2.7542e-02	2.8830e-02	3.0638e-02	3.1654e-02	3.2234e-02	3.2729e-02	3.3172e-02	3.5070e-02	1.7267e-02
9.931156e-01	1.7699e-02	1.7769e-02	1.7877e-02	1.8106e-02	1.8168e-02	1.9758e-02	2.1683e-02	2.2532e-02	2.3311e-02	2.4824e-02	2.6158e-02	2.7596e-02	2.8890e-02	3.0693e-02	3.1712e-02	3.2287e-02	3.2792e-02	3.3234e-02	3.5134e-02	1.7395e-02
9.931658e-01	1.7739e-02	1.7815e-02	1.7922e-02	1.8149e-02	1.8211e-02	1.9802e-02	2.1733e-02	2.2586e-02	2.3358e-02	2.4877e-02	2.6210e-02	2.7651e-02	2.8949e-02	3.0748e-02	3.1770e-02	3.2341e-02	3.2854e-02	3.3297e-02	3.5197e-02	1.7522e-02
9.932161e-01	1.7784e-02	1.7860e-02	1.7967e-02	1.8192e-02	1.8253e-02	1.9847e-02	2.1784e-02	2.2640e-02	2.3406e-02	2.4929e-02	2.6263e-02	2.7705e-02	2.9009e-02	3.0803e-02	3.1827e-02	3.2402e-02	3.2917e-02	3.3359e-02	3.5261e-02	1.7649e-02
9.932663e-01	1.7830e-02	1.7906e-02	1.8012e-02	1.8235e-02	1.8296e-02	1.9892e-02	2.1835e-02	2.2694e-02	2.3460e-02	2.4982e-02	2.6315e-02	2.7759e-02	2.9069e-02	3.0857e-02	3.1885e-02	3.2467e-02	3.2979e-02	3.3422e-02	3.5324e-02	1.7779e-02
9.933166e-01	1.7877e-02	1.7952e-02	1.8057e-02	1.8278e-02	1.8338e-02	1.9936e-02	2.1885e-02	2.2748e-02	2.3516e-02	2.5034e-02	2.6368e-02	2.7813e-02	2.9129e-02	3.0914e-02	3.1942e-02	3.2533e-02	3.3042e-02	3.3484e-02	3.5388e-02	1.7917e-02
9.933668e-01	1.7923e-02	1.7998e-02	1.8101e-02	1.8321e-02	1.8381e-02	1.9981e-02	2.1936e-02	2.2802e-02	2.3572e-02	2.5087e-02	2.6420e-02	2.7868e-02	2.9188e-02	3.0980e-02	3.2000e-02	3.2599e-02	3.3105e-02	3.3547e-02	3.5451e-02	1.8055e-02
9.934171e-01	1.7969e-02	1.8043e-02	1.8146e-02	1.8364e-02	1.8423e-02	2.0026e-02	2.1987e-02	2.2856e-02	2.3628e-02	2.5139e-02	2.6473e-02	2.7922e-02	2.9248e-02	3.1046e-02	3.2057e-02	3.2665e-02	3.3167e-02	3.3609e-02	3.5521e-02	1.8194e-02
9.934673e-01	1.8016e-02	1.8089e-02	1.8191e-02	1.8407e-02	1.8466e-02	2.0070e-02	2.2037e-02	2.2911e-02	2.3684e-02	2.5192e-02	2.6525e-02	2.7976e-02	2.9308e-02	3.1112e-02	3.2115e-02	3.2731e-02	3.3230e-02	3.3672e-02	3.5605e-02	1.8332e-02
9.935176e-01	1.8062e-02	1.8135e-02	1.8236e-02	1.8450e-02	1.8508e-02	2.0115e-02	2.2088e-02	2.2965e-02	2.3740e-02	2.5245e-02	2.6578e-02	2.8030e-02	2.9367e-02	3.1177e-02	3.2172e-02	3.2796e-02	3.3292e-02	3.3734e-02	3.5690e-02	1.8470e-02
9.935678e-01	1.8109e-02	1.8181e-02	1.8281e-02	1.8493e-02	1.8551e-02	2.0160e-02	2.2139e-02	2.3019e-02	2.3796e-02	2.5297e-02	2.6630e-02	2.8085e-02	2.9427e-02	3.1243e-02	3.2230e-02	3.2862e-02	3.3355e-02	3.3797e-02	3.5774e-02	1.8610e-02
9.936181e-01	1.8155e-02	1.8226e-02	1.8326e-02	1.8536e-02	1.8595e-02	2.0204e-02	2.2189e-02	2.3073e-02	2.3852e-02	2.5350e-02	2.6683e-02	2.8139e-02	2.9487e-02	3.1309e-02	3.2288e-02	3.2928e-02	3.3418e-02	3.3860e-02	3.5858e-02	1.8761e-02
9.936683e-01	1.8201e-02	1.8272e-02	1.8371e-02	1.8579e-02	1.8645e-02	2.0249e-02	2.2240e-02	2.3127e-02	2.3908e-02	2.5402e-02	2.6735e-02	2.8200e-02	2.9554e-02	3.1375e-02	3.2345e-02	3.2994e-02	3.3480e-02	3.3930e-02	3.5942e-02	1.8912e-02
9.937186e-01	1.8248e-02	1.8318e-02	1.8415e-02	1.8628e-02	1.8695e-02	2.0294e-02	2.2291e-02	2.3181e-02	2.3963e-02	2.5455e-02	2.6788e-02	2.8272e-02	2.9624e-02	3.1441e-02	3.2412e-02	3.3060e-02	3.3543e-02	3.4010e-02	3.6027e-02	1.9063e-02
9.937688e-01	1.8294e-02	1.8364e-02	1.8460e-02	1.8679e-02	1.8745e-02	2.0338e-02	2.2341e-02	2.3235e-02	2.4019e-02	2.5507e-02	2.6840e-02	2.8344e-02	2.9695e-02	3.1506e-02	3.2483e-02	3.3126e-02	3.3605e-02	3.4090e-02	3.6111e-02	1.9214e-02
9.938191e-01	1.8340e-02	1.8409e-02	1.8505e-02	1.8730e-02	1.8794e-02	2.0383e-02	2.2399e-02	2.3289e-02	2.4075e-02	2.5560e-02	2.6893e-02	2.8416e-02	2.9765e-02	3.1572e-02	3.2555e-02	3.3191e-02	3.3668e-02	3.4169e-02	3.6195e-02	1.9365e-02
9.938693e-01	1.8387e-02	1.8455e-02	1.8550e-02	1.8780e-02	1.8844e-02	2.0437e-02	2.2461e-02	2.3343e-02	2.4131e-02	2.5613e-02	2.6958e-02	2.8488e-02	2.9835e-02	3.1638e-02	3.2626e-02	3.3257e-02	3.3731e-02	3.4249e-02	3.6279e-02	1.9520e-02
9.939196e-01	1.8433e-02	1.8501e-02	1.8596e-02	1.8831e-02	1.8894e-02	2.0492e-02	2.2524e-02	2.3398e-02	2.4187e-02	2.5665e-02	2.7026e-02	2.8560e-02	2.9905e-02	3.1704e-02	3.2697e-02	3.3323e-02	3.3793e-02	3.4329e-02	3.6364e-02	1.9686e-02
9.939698e-01	1.8479e-02	1.8547e-02	1.8649e-02	1.8881e-02	1.8944e-02	2.0547e-02	2.2586e-02	2.3457e-02	2.4243e-02	2.5725e-02	2.7093e-02	2.8632e-02	2.9976e-02	3.1769e-02	3.2768e-02	3.3389e-02	3.3856e-02	3.4408e-02	3.6448e-02	1.9851e-02
9.940201e-01	1.8526e-02	1.8593e-02	1.8702e-02	1.8932e-02	1.8994e-02	2.0602e-02	2.2648e-02	2.3521e-02	2.4299e-02	2.5790e-02	2.7161e-02	2.8704e-02	3.0046e-02	3.1835e-02	3.2839e-02	3.3455e-02	3.3926e-02	3.4488e-02	3.6532e-02	2.0017e-02
9.940704e-01	1.8572e-02	1.8647e-02	1.8754e-02	1.8982e-02	1.9044e-02	2.0658e-02	2.2710e-02	2.3584e-02	2.4355e-02	2.5855e-02	2.7229e-02	2.8775e-02	3.0116e-02	3.1901e-02	3.2910e-02	3.3520e-02	3.4006e-02	3.4568e-02	3.6617e-02	2.0182e-02
9.941206e-01	1.8624e-02	1.8701e-02	1.8807e-02	1.9033e-02	1.9094e-02	2.0713e-02	2.2772e-02	2.3648e-02	2.4411e-02	2.5920e-02	2.7297e-02	2.8847e-02	3.0186e-02	3.1967e-02	3.2981e-02	3.3586e-02	3.4087e-02	3.4648e-02	3.6701e-02	2.0347e-02
9.941709e-01	1.8678e-02	1.8754e-02	1.8860e-02	1.9084e-02	1.9144e-02	2.0768e-02	2.2835e-02	2.3711e-02	2.4467e-02	2.5985e-02	2.7364e-02	2.8919e-02	3.0257e-02	3.2032e-02	3.3053e-02	3.3652e-02	3.4167e-02	3.4727e-02	3.6785e-02	2.0525e-02
9.942211e-01	1.8733e-02	1.8808e-02	1.8912e-02	1.9134e-02	1.9194e-02	2.0823e-02	2.2897e-02	2.3774e-02	2.4523e-02	2.6050e-02	2.7432e-02	2.8991e-02	3.0327e-02	3.2098e-02	3.3124e-02	3.3718e-02	3.4248e-02	3.4807e-02	3.6869e-02	2.0707e-02
9.942714e-01	1.8787e-02	1.8862e-02	1.8965e-02	1.9185e-02	1.9244e-02	2.0878e-02	2.2959e-02	2.3838e-02	2.4590e-02	2.6115e-02	2.7500e-02	2.9063e-02	3.0397e-02	3.2164e-02	3.3195e-02	3.3784e-02	3.4328e-02	3.4887e-02	3.6954e-02	2.0889e-02
9.943216e-01	1.8842e-02	1.8916e-02	1.9018e-02	1.9235e-02	1.9294e-02	2.0933e-02	2.3021e-02	2.3901e-02	2.4657e-02	2.6180e-02	2.7567e-02	2.9135e-02	3.0467e-02	3.2230e-02	3.3266e-02	3.3850e-02	3.4409e-02	3.4966e-02	3.7038e-02	2.1071e-02
9.943719e-01	1.8896e-02	1.8969e-02	1.9071e-02	1.9286e-02	1.9344e-02	2.0989e-02	2.3084e-02	2.3965e-02	2.4724e-02	2.6245e-02	2.7635e-02	2.9207e-02	3.0538e-02	3.2296e-02	3.3337e-02	3.3922e-02	3.4489e-02	3.5046e-02	3.7122e-02	2.1252e-02
9.944221e-01	1.8951e-02	1.9023e-02	1.9123e-02	1.9336e-02	1.9394e-02	2.1044e-02	2.3146e-02	2.4028e-02	2.4791e-02	2.6310e-02	2.7703e-02	2.9279e-02	3.0608e-02	3.2361e-02	3.3408e-02	3.4007e-02	3.4570e-02	3.5126e-02	3.7215e-02	2.1443e-02
9.944724e-01	1.9005e-02	1.9077e-02	1.9176e-02	1.9387e-02	1.9444e-02	2.1099e-02	2.3208e-02	2.4092e-02	2.4858e-02	2.6375e-02	2.7771e-02	2.9351e-02	3.0678e-02	3.2443e-02	3.3479e-02	3.4092e-02	3.4650e-02	3.5205e-02	3.7322e-02	2.1644e-02
9.945226e-01	1.9059e-02	1.9130e-02	1.9229e-02	1.9438e-02	1.9500e-02	2.1154e-02	2.3270e-02	2.4155e-02	2.4925e-02	2.6440e-02	2.7838e-02	2.9423e-02	3.0748e-02	3.2524e-02	3.3551e-02	3.4177e-02	3.4731e-02	3.5285e-02	3.7428e-02	2.1845e-02
9.945729e-01	1.9114e-02	1.9184e-02	1.9281e-02	1.9492e-02	1.9560e-02	2.1209e-02	2.3332e-02	2.4218e-02	2.4993e-02	2.6505e-02	2.7906e-02	2.9495e-02	3.0819e-02	3.2605e-02	3.3622e-02	3.4262e-02	3.4811e-02	3.5365e-02	3.7535e-02	2.2045e-02
9.946231e-01	1.9168e-02	1.9238e-02	1.9334e-02	1.9553e-02	1.9620e-02	2.1265e-02	2.3395e-02	2.4282e-02	2.5060e-02	2.6570e-02	2.7974e-02	2.9578e-02	3.0889e-02	3.2687e-02	3.3693e-02	3.4347e-02	3.4892e-02	3.5444e-02	3.7642e-02	2.2246e-02
9.946734e-01	1.9223e-02	1.9292e-02	1.9387e-02	1.9614e-02	1.9680e-02	2.1320e-02	2.3463e-02	2.4345e-02	2.5127e-02	2.6635e-02	2.8042e-02	2.9663e-02	3.0971e-02	3.2768e-02	3.3764e-02	3.4432e-02	3.4972e-02	3.5534e-02	3.7748e-02	2.2456e-02
9.947236e-01	1.9277e-02	1.9345e-02	1.9439e-02	1.9675e-02	1.9740e-02	2.1381e-02	2.3536e-02	2.4409e-02	2.5194e-02	2.6700e-02	2.8109e-02	2.9747e-02	3.1055e-02	3.2850e-02	3.3835e-02	3.4516e-02	3.5053e-02	3.5642e-02	3.7855e-02	2.2676e-02
9.947739e-01	1.9332e-02	1.9399e-02	1.9497e-02	1.9735e-02	1.9800e-02	2.1453e-02	2.3609e-02	2.4472e-02	2.5261e-02	2.6765e-02	2.8178e-02	2.9832e-02	3.1140e-02	3.2931e-02	3.3910e-02	3.4601e-02	3.5133e-02	3.5750e-02	3.7961e-02	2.2896e-02
9.948241e-01	1.9386e-02	1.9453e-02	1.9560e-02	1.9796e-02	1.9860e-02	2.1524e-02	2.3682e-02	2.4538e-02	2.5328e-02	2.6830e-02	2.8268e-02	2.9916e-02	3.1224e-02	3.3013e-02	3.4002e-02	3.4686e-02	3.5214e-02	3.5858e-02	3.8068e-02	2.3117e-02
9.948744e-01	1.9441e-02	1.9515e-02	1.9624e-02	1.9857e-02	1.9920e-02	2.1595e-02	2.3755e-02	2.4614e-02	2.5396e-02	2.6895e-02	2.8359e-02	3.0001e-02	3.1308e-02	3.3094e-02	3.4094e-02	3.4771e-02	3.5294e-02	3.5966e-02	3.8175e-02	2.3337e-02
9.949246e-01	1.9501e-02	1.9579e-02	1.9687e-02	1.9917e-02	1.9980e-02	2.1666e-02	2.3828e-02	2.4690e-02	2.5463e-02	2.6977e-02	2.8449e-02	3.0086e-02	3.1393e-02	3.3175e-02	3.4186e-02	3.4856e-02	3.5375e-02	3.6074e-02	3.8281e-02	2.3570e-02
9.949749e-01	1.9566e-02	1.9643e-02	1.9750e-02	1.9978e-02	2.0040e-02	2.1738e-02	2.3901e-02	2.4766e-02	2.5530e-02	2.7061e-02	2.8539e-02	3.0170e-02	3.1477e-02	3.3257e-02	3.4278e-02	3.4941e-02	3.5455e-02	3.6182e-02	3.8388e-02	2.3810e-02
9.950251e-01	1.9631e-02	1.9708e-02	1.9813e-02	2.0039e-02	2.0100e-02	2.1809e-02	2.3974e-02	2.4842e-02	2.5597e-02	2.7145e-02	2.8629e-02	3.0255e-02	3.1562e-02	3.3338e-02	3.4370e-02	3.5026e-02	3.5551e-02	3.6290e-02	3.8494e-02	2.4050e-02
9.950754e-01	1.9697e-02	1.9772e-02	1.9877e-02	2.0100e-02	2.0160e-02	2.1880e-02	2.4047e-02	2.4918e-02	2.5664e-02	2.7229e-02	2.8719e-02	3.0340e-02	3.1646e-02	3.3420e-02	3.4462e-02	3.5111e-02	3.5662e-02	3.6398e-02	3.8601e-02	2.4290e-02
9.951256e-01	1.9762e-02	1.9837e-02	1.9940e-02	2.0160e-02	2.0220e-02	2.1951e-02	2.4120e-02	2.4994e-02	2.5742e-02	2.7313e-02	2.8809e-02	3.0424e-02	3.1730e-02	3.3501e-02	3.4554e-02	3.5196e-02	3.5773e-02	3.6506e-02	3.8708e-02	2.4530e-02
9.951759e-01	1.9827e-02	1.9901e-02	2.0003e-02	2.0221e-02	2.0280e-02	2.2022e-02	2.4192e-02	2.5070e-02	2.5825e-02	2.7397e-02	2.8899e-02	3.0509e-02	3.1815e-02	3.3583e-02	3.4646e-02	3.5281e-02	3.5883e-02	3.6614e-02	3.8814e-02	2.4792e-02
9.952261e-01	1.9893e-02	1.9966e-02	2.0066e-02	2.0282e-02	2.0340e-02	2.2094e-02	2.4265e-02	2.5146e-02	2.5908e-02	2.7480e-02	2.8989e-02	3.0593e-02	3.1899e-02	3.3664e-02	3.4738e-02	3.5365e-02	3.5994e-02	3.6722e-02	3.8921e-02	2.5054e-02
9.952764e-01	1.9958e-02	2.0030e-02	2.0130e-02	2.0342e-02	2.0403e-02	2.2165e-02	2.4338e-02	2.5222e-02	2.5991e-02	2.7564e-02	2.9080e-02	3.0678e-02	3.1983e-02	3.3745e-02	3.4829e-02	3.5450e-02	3.6104e-02	3.6830e-02	3.9055e-02	2.5317e-02
9.953266e-01	2.0023e-02	2.0095e-02	2.0193e-02	2.0407e-02	2.0477e-02	2.2236e-02	2.4411e-02	2.5298e-02	2.6074e-02	2.7648e-02	2.9170e-02	3.0763e-02	3.2068e-02	3.3827e-02	3.4921e-02	3.5551e-02	3.6215e-02	3.6938e-02	3.9192e-02	2.5579e-02
9.953769e-01	2.0089e-02	2.0159e-02	2.0256e-02	2.0482e-02	2.0551e-02	2.2307e-02	2.4484e-02	2.5374e-02	2.6157e-02	2.7732e-02	2.9260e-02	3.0847e-02	3.2152e-02	3.3913e-02	3.5013e-02	3.5668e-02	3.6326e-02	3.7046e-02	3.9329e-02	2.5857e-02
9.954271e-01	2.0154e-02	2.0224e-02	2.0319e-02	2.0557e-02	2.0625e-02	2.2382e-02	2.4563e-02	2.5450e-02	2.6240e-02	2.7816e-02	2.9350e-02	3.0938e-02	3.2237e-02	3.4019e-02	3.5105e-02	3.5785e-02	3.6436e-02	3.7154e-02	3.9467e-02	2.6145e-02
9.954774e-01	2.0219e-02	2.0288e-02	2.0383e-02	2.0632e-02	2.0699e-02	2.2470e-02	2.4650e-02	2.5526e-02	2.6323e-02	2.7900e-02	2.9440e-02	3.1040e-02	3.2321e-02	3.4124e-02	3.5197e-02	3.5903e-02	3.6547e-02	3.7286e-02	3.9604e-02	2.6433e-02
9.955276e-01	2.0285e-02	2.0353e-02	2.0460e-02	2.0707e-02	2.0773e-02	2.2557e-02	2.4738e-02	2.5602e-02	2.6406e-02	2.7984e-02	2.9535e-02	3.1141e-02	3.2416e-02	3.4229e-02	3.5289e-02	3.6020e-02	3.6658e-02	3.7423e-02	3.9741e-02	2.6722e-02
9.955779e-01	2.0350e-02	2.0424e-02	2.0538e-02	2.0782e-02	2.0847e-02	2.2645e-02	2.4825e-02	2.5679e-02	2.6488e-02	2.8068e-02	2.9640e-02	3.1243e-02	3.2520e-02	3.4335e-02	3.5381e-02	3.6137e-02	3.6768e-02	3.7560e-02	3.9878e-02	2.7021e-02
9.956281e-01	2.0422e-02	2.0504e-02	2.0616e-02	2.0857e-02	2.0922e-02	2.2732e-02	2.4913e-02	2.5771e-02	2.6571e-02	2.8152e-02	2.9746e-02	3.1344e-02	3.2625e-02	3.4440e-02	3.5473e-02	3.6255e-02	3.6879e-02	3.7697e-02	4.0015e-02	2.7339e-02
9.956784e-01	2.0502e-02	2.0583e-02	2.0694e-02	2.0932e-02	2.0996e-02	2.2820e-02	2.5000e-02	2.5865e-02	2.6654e-02	2.8256e-02	2.9852e-02	3.1446e-02	3.2729e-02	3.4546e-02	3.5591e-02	3.6372e-02	3.6990e-02	3.7835e-02	4.0152e-02	2.7656e-02
9.957286e-01	2.0583e-02	2.0663e-02	2.0772e-02	2.1007e-02	2.1070e-02	2.2907e-02	2.5087e-02	2.5958e-02	2.6737e-02	2.8368e-02	2.9958e-02	3.1547e-02	3.2834e-02	3.4651e-02	3.5719e-02	3.6490e-02	3.7100e-02	3.7972e-02	4.0289e-02	2.7974e-02
9.957789e-01	2.0663e-02	2.0742e-02	2.0850e-02	2.1082e-02	2.1144e-02	2.2995e-02	2.5175e-02	2.6052e-02	2.6820e-02	2.8480e-02	3.0064e-02	3.1649e-02	3.2938e-02	3.4757e-02	3.5846e-02	3.6607e-02	3.7221e-02	3.8109e-02	4.0426e-02	2.8304e-02
9.958291e-01	2.0744e-02	2.0822e-02	2.0928e-02	2.1157e-02	2.1218e-02	2.3082e-02	2.5262e-02	2.6146e-02	2.6904e-02	2.8592e-02	3.0170e-02	3.1750e-02	3.3042e-02	3.4862e-02	3.5973e-02	3.6724e-02	3.7363e-02	3.8246e-02	4.0564e-02	2.8655e-02
9.958794e-01	2.0825e-02	2.0901e-02	2.1006e-02	2.1232e-02	2.1292e-02	2.3170e-02	2.5349e-02	2.6240e-02	2.7011e-02	2.8703e-02	3.0276e-02	3.1852e-02	3.3147e-02	3.4967e-02	3.6101e-02	3.6842e-02	3.7504e-02	3.8383e-02	4.0701e-02	2.9006e-02
9.959296e-01	2.0905e-02	2.0981e-02	2.1084e-02	2.1307e-02	2.1370e-02	2.3257e-02	2.5437e-02	2.6334e-02	2.7118e-02	2.8815e-02	3.0382e-02	3.1953e-02	3.3251e-02	3.5073e-02	3.6228e-02	3.6959e-02	3.7645e-02	3.8520e-02	4.0854e-02	2.9357e-02
9.959799e-01	2.0986e-02	2.1061e-02	2.1163e-02	2.1390e-02	2.1466e-02	2.3344e-02	2.5524e-02	2.6428e-02	2.7225e-02	2.8927e-02	3.0487e-02	3.2055e-02	3.3356e-02	3.5178e-02	3.6355e-02	3.7076e-02	3.7787e-02	3.8657e-02	4.1025e-02	2.9726e-02
9.960302e-01	2.1067e-02	2.1140e-02	2.1241e-02	2.1487e-02	2.1562e-02	2.3434e-02	2.5611e-02	2.6522e-02	2.7331e-02	2.9038e-02	3.0593e-02	3.2156e-02	3.3460e-02	3.5284e-02	3.6483e-02	3.7199e-02	3.7928e-02	3.8794e-02	4.1196e-02	3.0108e-02
9.960804e-01	2.1147e-02	2.1220e-02	2.1319e-02	2.1583e-02	2.1657e-02	2.3536e-02	2.5702e-02	2.6615e-02	2.7438e-02	2.9150e-02	3.0699e-02	3.2258e-02	3.3565e-02	3.5389e-02	3.6610e-02	3.7349e-02	3.8069e-02	3.8932e-02	4.1367e-02	3.0490e-02
9.961307e-01	2.1228e-02	2.1299e-02	2.1410e-02	2.1680e-02	2.1753e-02	2.3639e-02	2.5809e-02	2.6709e-02	2.7545e-02	2.9262e-02	3.0805e-02	3.2359e-02	3.3669e-02	3.5494e-02	3.6737e-02	3.7500e-02	3.8211e-02	3.9108e-02	4.1538e-02	3.0873e-02
9.961809e-01	2.1309e-02	2.1387e-02	2.1511e-02	2.1777e-02	2.1848e-02	2.3741e-02	2.5917e-02	2.6803e-02	2.7652e-02	2.9374e-02	3.0913e-02	3.2484e-02	3.3774e-02	3.5641e-02	3.6864e-02	3.7650e-02	3.8352e-02	3.9283e-02	4.1709e-02	3.1287e-02
9.962312e-01	2.1400e-02	2.1489e-02	2.1611e-02	2.1874e-02	2.1944e-02	2.3843e-02	2.6025e-02	2.6897e-02	2.7759e-02	2.9485e-02	3.1040e-02	3.2610e-02	3.3878e-02	3.5788e-02	3.6992e-02	3.7800e-02	3.8493e-02	3.9459e-02	4.1880e-02	3.1704e-02
9.962814e-01	2.1504e-02	2.1592e-02	2.1712e-02	2.1970e-02	2.2040e-02	2.3946e-02	2.6132e-02	2.7017e-02	2.7866e-02	2.9613e-02	3.1167e-02	3.2736e-02	3.4009e-02	3.5934e-02	3.7119e-02	3.7950e-02	3.8635e-02	3.9635e-02	4.2051e-02	3.2121e-02
9.963317e-01	2.1608e-02	2.1694e-02	2.1813e-02	2.2067e-02	2.2135e-02	2.4048e-02	2.6240e-02	2.7137e-02	2.7973e-02	2.9744e-02	3.1293e-02	3.2861e-02	3.4145e-02	3.6081e-02	3.7267e-02	3.8101e-02	3.8776e-02	3.9811e-02	4.2222e-02	3.2554e-02
9.963819e-01	2.1712e-02	2.1797e-02	2.1913e-02	2.2164e-02	2.2231e-02	2.4150e-02	2.6348e-02	2.7258e-02	2.8080e-02	2.9875e-02	3.1420e-02	3.2987e-02	3.4280e-02	3.6228e-02	3.7430e-02	3.8251e-02	3.8918e-02	3.9987e-02	4.2393e-02	3.3011e-02
9.964322e-01	2.1816e-02	2.1900e-02	2.2014e-02	2.2260e-02	2.2326e-02	2.4253e-02	2.6455e-02	2.7379e-02	2.8191e-02	3.0006e-02	3.1547e-02	3.3112e-02	3.4415e-02	3.6374e-02	3.7593e-02	3.8401e-02	3.9096e-02	4.0162e-02	4.2564e-02	3.3468e-02
9.964824e-01	2.1919e-02	2.2002e-02	2.2115e-02	2.2357e-02	2.2436e-02	2.4355e-02	2.6563e-02	2.7500e-02	2.8333e-02	3.0137e-02	3.1674e-02	3.3238e-02	3.4551e-02	3.6521e-02	3.7757e-02	3.8551e-02	3.9278e-02	4.0338e-02	4.2743e-02	3.3928e-02
9.965327e-01	2.2023e-02	2.2105e-02	2.2216e-02	2.2475e-02	2.2553e-02	2.4457e-02	2.6671e-02	2.7621e-02	2.8475e-02	3.0268e-02	3.1801e-02	3.3364e-02	3.4686e-02	3.6668e-02	3.7920e-02	3.8702e-02	3.9460e-02	4.0514e-02	4.2954e-02	3.4432e-02
9.965829e-01	2.2127e-02	2.2207e-02	2.2316e-02	2.2593e-02	2.2670e-02	2.4566e-02	2.6778e-02	2.7741e-02	2.8617e-02	3.0399e-02	3.1928e-02	3.3489e-02	3.4821e-02	3.6814e-02	3.8083e-02	3.8852e-02	3.9641e-02	4.0690e-02	4.3165e-02	3.4935e-02
9.966332e-01	2.2231e-02	2.2310e-02	2.2430e-02	2.2712e-02	2.2788e-02	2.4689e-02	2.6886e-02	2.7862e-02	2.8759e-02	3.0530e-02	3.2054e-02	3.3615e-02	3.4956e-02	3.6961e-02	3.8247e-02	3.9022e-02	3.9823e-02	4.0888e-02	4.3376e-02	3.5439e-02
9.966834e-01	2.2335e-02	2.2424e-02	2.2553e-02	2.2831e-02	2.2905e-02	2.4811e-02	2.7020e-02	2.7983e-02	2.8901e-02	3.0661e-02	3.2181e-02	3.3740e-02	3.5092e-02	3.7108e-02	3.8410e-02	3.9216e-02	4.0005e-02	4.1108e-02	4.3587e-02	3.5989e-02
9.967337e-01	2.2457e-02	2.2550e-02	2.2677e-02	2.2949e-02	2.3022e-02	2.4933e-02	2.7159e-02	2.8104e-02	2.9043e-02	3.0792e-02	3.2308e-02	3.3866e-02	3.5227e-02	3.7277e-02	3.8573e-02	3.9409e-02	4.0187e-02	4.1327e-02	4.3798e-02	3.6546e-02
9.967839e-01	2.2584e-02	2.2676e-02	2.2800e-02	2.3068e-02	2.3139e-02	2.5056e-02	2.7297e-02	2.8241e-02	2.9185e-02	3.0928e-02	3.2452e-02	3.4021e-02	3.5362e-02	3.7464e-02	3.8737e-02	3.9603e-02	4.0369e-02	4.1546e-02	4.4009e-02	3.7103e-02
9.968342e-01	2.2711e-02	2.2801e-02	2.2924e-02	2.3186e-02	2.3257e-02	2.5178e-02	2.7435e-02	2.8401e-02	2.9327e-02	3.1085e-02	3.2609e-02	3.4183e-02	3.5499e-02	3.7652e-02	3.8900e-02	3.9796e-02	4.0551e-02	4.1765e-02	4.4220e-02	3.7707e-02
9.968844e-01	2.2839e-02	2.2927e-02	2.3047e-02	2.3305e-02	2.3374e-02	2.5300e-02	2.7574e-02	2.8562e-02	2.9469e-02	3.1241e-02	3.2765e-02	3.4346e-02	3.5687e-02	3.7840e-02	3.9102e-02	3.9990e-02	4.0733e-02	4.1985e-02	4.4431e-02	3.8318e-02
9.969347e-01	2.2966e-02	2.3053e-02	2.3171e-02	2.3424e-02	2.3503e-02	2.5423e-02	2.7712e-02	2.8722e-02	2.9630e-02	3.1398e-02	3.2922e-02	3.4508e-02	3.5875e-02	3.8028e-02	3.9313e-02	4.0183e-02	4.0951e-02	4.2204e-02	4.4642e-02	3.8928e-02
9.969849e-01	2.3093e-02	2.3178e-02	2.3294e-02	2.3563e-02	2.3640e-02	2.5545e-02	2.7850e-02	2.8882e-02	2.9796e-02	3.1555e-02	3.3078e-02	3.4670e-02	3.6063e-02	3.8216e-02	3.9524e-02	4.0377e-02	4.1179e-02	4.2423e-02	4.4891e-02	3.9599e-02
9.970352e-01	2.3221e-02	2.3304e-02	2.3417e-02	2.3701e-02	2.3777e-02	2.5667e-02	2.7989e-02	2.9042e-02	2.9962e-02	3.1711e-02	3.3235e-02	3.4833e-02	3.6252e-02	3.8403e-02	3.9735e-02	4.0570e-02	4.1407e-02	4.2642e-02	4.5163e-02	4.0269e-02
9.970854e-01	2.3348e-02	2.3432e-02	2.3561e-02	2.3840e-02	2.3914e-02	2.5813e-02	2.8127e-02	2.9202e-02	3.0128e-02	3.1868e-02	3.3392e-02	3.4995e-02	3.6440e-02	3.8591e-02	3.9946e-02	4.0763e-02	4.1635e-02	4.2900e-02	4.5435e-02	4.0956e-02
9.971357e-01	2.3485e-02	2.3578e-02	2.3705e-02	2.3978e-02	2.4051e-02	2.5964e-02	2.8295e-02	2.9362e-02	3.0294e-02	3.2025e-02	3.3548e-02	3.5158e-02	3.6628e-02	3.8779e-02	4.0157e-02	4.1003e-02	4.1863e-02	4.3171e-02	4.5706e-02	4.1690e-02
9.971859e-01	2.3634e-02	2.3725e-02	2.3850e-02	2.4117e-02	2.4188e-02	2.6114e-02	2.8478e-02	2.9525e-02	3.0460e-02	3.2182e-02	3.3705e-02	3.5320e-02	3.6816e-02	3.8977e-02	4.0368e-02	4.1246e-02	4.2090e-02	4.3443e-02	4.5978e-02	4.2424e-02
9.972362e-01	2.3782e-02	2.3872e-02	2.3994e-02	2.4255e-02	2.4325e-02	2.6264e-02	2.8661e-02	2.9712e-02	3.0626e-02	3.2338e-02	3.3861e-02	3.5482e-02	3.7005e-02	3.9218e-02	4.0579e-02	4.1488e-02	4.2318e-02	4.3714e-02	4.6250e-02	4.3201e-02
9.972864e-01	2.3931e-02	2.4019e-02	2.4138e-02	2.4394e-02	2.4462e-02	2.6415e-02	2.8844e-02	2.9899e-02	3.0793e-02	3.2526e-02	3.4054e-02	3.5703e-02	3.7198e-02	3.9459e-02	4.0794e-02	4.1730e-02	4.2546e-02	4.3986e-02	4.6522e-02	4.4004e-02
9.973367e-01	2.4079e-02	2.4165e-02	2.4282e-02	2.4534e-02	2.4613e-02	2.6565e-02	2.9027e-02	3.0086e-02	3.0970e-02	3.2719e-02	3.4256e-02	3.5928e-02	3.7439e-02	3.9700e-02	4.1058e-02	4.1973e-02	4.2792e-02	4.4257e-02	4.6793e-02	4.4816e-02
9.973869e-01	2.4228e-02	2.4312e-02	2.4426e-02	2.4699e-02	2.4776e-02	2.6715e-02	2.9210e-02	3.0273e-02	3.1168e-02	3.2911e-02	3.4458e-02	3.6153e-02	3.7679e-02	3.9941e-02	4.1321e-02	4.2215e-02	4.3075e-02	4.4529e-02	4.7130e-02	4.5699e-02
9.974372e-01	2.4377e-02	2.4459e-02	2.4579e-02	2.4864e-02	2.4940e-02	2.6866e-02	2.9392e-02	3.0460e-02	3.1366e-02	3.3104e-02	3.4660e-02	3.6379e-02	3.7920e-02	4.0183e-02	4.1585e-02	4.2457e-02	4.3358e-02	4.4824e-02	4.7478e-02	4.6582e-02
9.974874e-01	2.4525e-02	2.4621e-02	2.4750e-02	2.5029e-02	2.5103e-02	2.7048e-02	2.9587e-02	3.0647e-02	3.1564e-02	3.3297e-02	3.4862e-02	3.6604e-02	3.8160e-02	4.0424e-02	4.1849e-02	4.2700e-02	4.3642e-02	4.5175e-02	4.7827e-02	4.7526e-02
9.975377e-01	2.4702e-02	2.4796e-02	2.4922e-02	2.5194e-02	2.5266e-02	2.7240e-02	2.9801e-02	3.0834e-02	3.1762e-02	3.3490e-02	3.5064e-02	3.6830e-02	3.8401e-02	4.0665e-02	4.2113e-02	4.3001e-02	4.3925e-02	4.5527e-02	4.8175e-02	4.8496e-02
9.975879e-01	2.4879e-02	2.4970e-02	2.5094e-02	2.5359e-02	2.5430e-02	2.7433e-02	3.0014e-02	3.1044e-02	3.1960e-02	3.3683e-02	3.5266e-02	3.7055e-02	3.8641e-02	4.0939e-02	4.2377e-02	4.3303e-02	4.4208e-02	4.5878e-02	4.8523e-02	4.9504e-02
9.976382e-01	2.5056e-02	2.5145e-02	2.5266e-02	2.5524e-02	2.5593e-02	2.7625e-02	3.0227e-02	3.1267e-02	3.2158e-02	3.3876e-02	3.5468e-02	3.7309e-02	3.8882e-02	4.1240e-02	4.2641e-02	4.3604e-02	4.4492e-02	4.6229e-02	4.8872e-02	5.0563e-02
9.976884e-01	2.5234e-02	2.5320e-02	2.5438e-02	2.5690e-02	2.5772e-02	2.7818e-02	3.0441e-02	3.1489e-02	3.2356e-02	3.4119e-02	3.5737e-02	3.7596e-02	3.9176e-02	4.1541e-02	4.2953e-02	4.3906e-02	4.4792e-02	4.6581e-02	4.9256e-02	5.1648e-02
9.977387e-01	2.5411e-02	2.5495e-02	2.5609e-02	2.5892e-02	2.5972e-02	2.8010e-02	3.0654e-02	3.1712e-02	3.2597e-02	3.4367e-02	3.6015e-02	3.7883e-02	3.9483e-02	4.1842e-02	4.3280e-02	4.4208e-02	4.5161e-02	4.6959e-02	4.9677e-02	5.2810e-02
9.977889e-01	2.5588e-02	2.5670e-02	2.5802e-02	2.6095e-02	2.6172e-02	2.8211e-02	3.0868e-02	3.1934e-02	3.2840e-02	3.4614e-02	3.6294e-02	3.8170e-02	3.9791e-02	4.2143e-02	4.3606e-02	4.4510e-02	4.5530e-02	4.7409e-02	5.0099e-02	5.3990e-02
9.978392e-01	2.5783e-02	2.5880e-02	2.6013e-02	2.6297e-02	2.6372e-02	2.8464e-02	3.1115e-02	3.2157e-02	3.3082e-02	3.4862e-02	3.6573e-02	3.8457e-02	4.0098e-02	4.2444e-02	4.3933e-02	4.4839e-02	4.5900e-02	4.7858e-02	5.0520e-02	5.5272e-02
9.978894e-01	2.5999e-02	2.6094e-02	2.6223e-02	2.6499e-02	2.6572e-02	2.8717e-02	3.1368e-02	3.2383e-02	3.3325e-02	3.5109e-02	3.6851e-02	3.8743e-02	4.0406e-02	4.2755e-02	4.4260e-02	4.5233e-02	4.6269e-02	4.8307e-02	5.0942e-02	5.6573e-02
9.979397e-01	2.6216e-02	2.6308e-02	2.6433e-02	2.6701e-02	2.6772e-02	2.8970e-02	3.1622e-02	3.2655e-02	3.3567e-02	3.5357e-02	3.7130e-02	3.9057e-02	4.0714e-02	4.3127e-02	4.4586e-02	4.5627e-02	4.6639e-02	4.8757e-02	5.1363e-02	5.7977e-02
9.979899e-01	2.6433e-02	2.6522e-02	2.6643e-02	2.6904e-02	2.6991e-02	2.9223e-02	3.1875e-02	3.2927e-02	3.3810e-02	3.5645e-02	3.7471e-02	3.9422e-02	4.1081e-02	4.3498e-02	4.4969e-02	4.6020e-02	4.7059e-02	4.9235e-02	5.1889e-02	5.9417e-02
9.980402e-01	2.6649e-02	2.6736e-02	2.6853e-02	2.7161e-02	2.7246e-02	2.9475e-02	3.2129e-02	3.3199e-02	3.4096e-02	3.5985e-02	3.7824e-02	3.9787e-02	4.1462e-02	4.3870e-02	4.5392e-02	4.6414e-02	4.7536e-02	4.9767e-02	5.2416e-02	6.0959e-02
9.980905e-01	2.6866e-02	2.6963e-02	2.7108e-02	2.7418e-02	2.7500e-02	2.9764e-02	3.2386e-02	3.3471e-02	3.4405e-02	3.6324e-02	3.8176e-02	4.0152e-02	4.1844e-02	4.4242e-02	4.5815e-02	4.6808e-02	4.8013e-02	5.0298e-02	5.2943e-02	6.2562e-02
9.981407e-01	2.7132e-02	2.7235e-02	2.7375e-02	2.7675e-02	2.7755e-02	3.0058e-02	3.2695e-02	3.3743e-02	3.4714e-02	3.6663e-02	3.8528e-02	4.0517e-02	4.2225e-02	4.4614e-02	4.6237e-02	4.7309e-02	4.8491e-02	5.0830e-02	5.3470e-02	6.4237e-02
9.981910e-01	2.7407e-02	2.7506e-02	2.7642e-02	2.7932e-02	2.8009e-02	3.0352e-02	3.3004e-02	3.4048e-02	3.5024e-02	3.7003e-02	3.8881e-02	4.0908e-02	4.2607e-02	4.5064e-02	4.6660e-02	4.7819e-02	4.8968e-02	5.1362e-02	5.4060e-02	6.6016e-02
9.982412e-01	2.7682e-02	2.7778e-02	2.7909e-02	2.8194e-02	2.8291e-02	3.0646e-02	3.3313e-02	3.4393e-02	3.5333e-02	3.7385e-02	3.9312e-02	4.1358e-02	4.3053e-02	4.5545e-02	4.7152e-02	4.8328e-02	4.9525e-02	5.2007e-02	5.4753e-02	6.7844e-02
9.982915e-01	2.7957e-02	2.8050e-02	2.8177e-02	2.8530e-02	2.8623e-02	3.0947e-02	3.3621e-02	3.4738e-02	3.5694e-02	3.7811e-02	3.9757e-02	4.1807e-02	4.3521e-02	4.6025e-02	4.7695e-02	4.8838e-02	5.0098e-02	5.2652e-02	5.5447e-02	6.9835e-02
9.983417e-01	2.8250e-02	2.8367e-02	2.8525e-02	2.8865e-02	2.8955e-02	3.1294e-02	3.3940e-02	3.5083e-02	3.6112e-02	3.8236e-02	4.0201e-02	4.2257e-02	4.3990e-02	4.6506e-02	4.8237e-02	4.9407e-02	5.0671e-02	5.3298e-02	5.6140e-02	7.1906e-02
9.983920e-01	2.8608e-02	2.8720e-02	2.8873e-02	2.9200e-02	2.9287e-02	3.1642e-02	3.4331e-02	3.5429e-02	3.6531e-02	3.8662e-02	4.0645e-02	4.2708e-02	4.4458e-02	4.7029e-02	4.8780e-02	5.0020e-02	5.1244e-02	5.3982e-02	5.6949e-02	7.4085e-02
9.984422e-01	2.8967e-02	2.9074e-02	2.9221e-02	2.9541e-02	2.9637e-02	3.1989e-02	3.4722e-02	3.5870e-02	3.6949e-02	3.9127e-02	4.1160e-02	4.3256e-02	4.4983e-02	4.7645e-02	4.9377e-02	5.0632e-02	5.1924e-02	5.4794e-02	5.7806e-02	7.6459e-02
9.984925e-01	2.9325e-02	2.9428e-02	2.9579e-02	2.9929e-02	3.0021e-02	3.2337e-02	3.5112e-02	3.6335e-02	3.7415e-02	3.9658e-02	4.1703e-02	4.3804e-02	4.5581e-02	4.8261e-02	5.0030e-02	5.1244e-02	5.2634e-02	5.5606e-02	5.8662e-02	7.8965e-02
9.985427e-01	2.9711e-02	2.9826e-02	2.9982e-02	3.0318e-02	3.0406e-02	3.2753e-02	3.5506e-02	3.6800e-02	3.7936e-02	4.0189e-02	4.2245e-02	4.4353e-02	4.6179e-02	4.8876e-02	5.0682e-02	5.1973e-02	5.3343e-02	5.6430e-02	5.9658e-02	8.1629e-02
9.985930e-01	3.0126e-02	3.0235e-02	3.0385e-02	3.0706e-02	3.0791e-02	3.3174e-02	3.6028e-02	3.7286e-02	3.8458e-02	4.0720e-02	4.2806e-02	4.4948e-02	4.6776e-02	4.9579e-02	5.1335e-02	5.2732e-02	5.4128e-02	5.7383e-02	6.0747e-02	8.4569e-02
9.986432e-01	3.0541e-02	3.0645e-02	3.0787e-02	3.1129e-02	3.1224e-02	3.3595e-02	3.6551e-02	3.7862e-02	3.8990e-02	4.1353e-02	4.3462e-02	4.5640e-02	4.7516e-02	5.0316e-02	5.2135e-02	5.3490e-02	5.5046e-02	5.8335e-02	6.1842e-02	8.7696e-02
9.986935e-01	3.0965e-02	3.1082e-02	3.1241e-02	3.1586e-02	3.1676e-02	3.4047e-02	3.7074e-02	3.8438e-02	3.9636e-02	4.1997e-02	4.4117e-02	4.6332e-02	4.8271e-02	5.1053e-02	5.2944e-02	5.4383e-02	5.5964e-02	5.9339e-02	6.3100e-02	9.1032e-02
9.987437e-01	3.1452e-02	3.1563e-02	3.1715e-02	3.2043e-02	3.2129e-02	3.4575e-02	3.7695e-02	3.9033e-02	4.0282e-02	4.2641e-02	4.4785e-02	4.7071e-02	4.9026e-02	5.1888e-02	5.3753e-02	5.5366e-02	5.6993e-02	6.0469e-02	6.4358e-02	9.4611e-02
9.987940e-01	3.1939e-02	3.2045e-02	3.2189e-02	3.2528e-02	3.2626e-02	3.5103e-02	3.8340e-02	3.9743e-02	4.0960e-02	4.3402e-02	4.5602e-02	4.7936e-02	4.9916e-02	5.2797e-02	5.4789e-02	5.6352e-02	5.8099e-02	6.1598e-02	6.5744e-02	9.8477e-02
9.988442e-01	3.2439e-02	3.2559e-02	3.2724e-02	3.3078e-02	3.3171e-02	3.5674e-02	3.8997e-02	4.0453e-02	4.1738e-02	4.4174e-02	4.6419e-02	4.8801e-02	5.0809e-02	5.3706e-02	5.5838e-02	5.7514e-02	5.9251e-02	6.2845e-02	6.7182e-02	1.0270e-01
9.988945e-01	3.3025e-02	3.3138e-02	3.3293e-02	3.3628e-02	3.3716e-02	3.6370e-02	3.9789e-02	4.1241e-02	4.2516e-02	4.5001e-02	4.7330e-02	4.9775e-02	5.1774e-02	5.4850e-02	5.6993e-02	5.8676e-02	6.0611e-02	6.4117e-02	6.8757e-02	1.0737e-01
9.989447e-01	3.3610e-02	3.3716e-02	3.3863e-02	3.4247e-02	3.4351e-02	3.7066e-02	4.0580e-02	4.2093e-02	4.3408e-02	4.5957e-02	4.8337e-02	5.0794e-02	5.2859e-02	5.6020e-02	5.8245e-02	5.9998e-02	6.1993e-02	6.5472e-02	7.0428e-02	1.1248e-01
9.989950e-01	3.4269e-02	3.4392e-02	3.4563e-02	3.4930e-02	3.5028e-02	3.7892e-02	4.1487e-02	4.2990e-02	4.4334e-02	4.6930e-02	4.9394e-02	5.1902e-02	5.3982e-02	5.7344e-02	5.9600e-02	6.1385e-02	6.3528e-02	6.6903e-02	7.2302e-02	1.1809e-01
9.990452e-01	3.4994e-02	3.5110e-02	3.5270e-02	3.5649e-02	3.5769e-02	3.8742e-02	4.2433e-02	4.4002e-02	4.5381e-02	4.8099e-02	5.0574e-02	5.3128e-02	5.5344e-02	5.8727e-02	6.1116e-02	6.2899e-02	6.5104e-02	6.8408e-02	7.4277e-02	1.2432e-01
9.990955e-01	3.5786e-02	3.5926e-02	3.6121e-02	3.6537e-02	3.6650e-02	3.9733e-02	4.3502e-02	4.5077e-02	4.6514e-02	4.9304e-02	5.1828e-02	5.4489e-02	5.6769e-02	6.0330e-02	6.2738e-02	6.4467e-02	6.6824e-02	7.0032e-02	7.6654e-02	1.3123e-01
9.991457e-01	3.6726e-02	3.6856e-02	3.7038e-02	3.7478e-02	3.7605e-02	4.0765e-02	4.4620e-02	4.6309e-02	4.7819e-02	5.0665e-02	5.3238e-02	5.6013e-02	5.8368e-02	6.2013e-02	6.4446e-02	6.6202e-02	6.8644e-02	7.1755e-02	7.9343e-02	1.3893e-01
9.991960e-01	3.7767e-02	3.7913e-02	3.8117e-02	3.8552e-02	3.8670e-02	4.1984e-02	4.5957e-02	4.7686e-02	4.9214e-02	5.2150e-02	5.4842e-02	5.7738e-02	6.0149e-02	6.3880e-02	6.6329e-02	6.7995e-02	7.0587e-02	7.3619e-02	8.2523e-02	1.4756e-01
9.992462e-01	3.8902e-02	3.9055e-02	3.9284e-02	3.9767e-02	3.9896e-02	4.3291e-02	4.7410e-02	4.9191e-02	5.0801e-02	5.3767e-02	5.6613e-02	5.9611e-02	6.2083e-02	6.5870e-02	6.8308e-02	7.0007e-02	7.2754e-02	7.5670e-02	8.6183e-02	1.5736e-01
9.992965e-01	4.0256e-02	4.0403e-02	4.0614e-02	4.1107e-02	4.1245e-02	4.4723e-02	4.9040e-02	5.0910e-02	5.2574e-02	5.5731e-02	5.8629e-02	6.1713e-02	6.4221e-02	6.7987e-02	7.0480e-02	7.2177e-02	7.5079e-02	7.7840e-02	8.9727e-02	1.6856e-01
9.993467e-01	4.1760e-02	4.1919e-02	4.2146e-02	4.2621e-02	4.2758e-02	4.6434e-02	5.0915e-02	5.2848e-02	5.4582e-02	5.7915e-02	6.0935e-02	6.4060e-02	6.6562e-02	7.0360e-02	7.2891e-02	7.4523e-02	7.7650e-02	8.0410e-02	9.3167e-02	1.8146e-01
9.993970e-01	4.3461e-02	4.3629e-02	4.3871e-02	4.4372e-02	4.4510e-02	4.8393e-02	5.3039e-02	5.5082e-02	5.6918e-02	6.0393e-02	6.3488e-02	6.6626e-02	6.9122e-02	7.2985e-02	7.5543e-02	7.7241e-02	8.0641e-02	8.3273e-02	9.6510e-02	1.9640e-01
9.994472e-01	4.5427e-02	4.5606e-02	4.5865e-02	4.6403e-02	4.6551e-02	5.0629e-02	5.5523e-02	5.7680e-02	5.9603e-02	6.3201e-02	6.6317e-02	6.9465e-02	7.1969e-02	7.5918e-02	7.8531e-02	8.0367e-02	8.4068e-02	8.6509e-02	9.9787e-02	2.1422e-01
9.994975e-01	4.7767e-02	4.7955e-02	4.8230e-02	4.8798e-02	4.8952e-02	5.3220e-02	5.8418e-02	6.0697e-02	6.2715e-02	6.6349e-02	6.9489e-02	7.2667e-02	7.5206e-02	7.9284e-02	8.2007e-02	8.4035e-02	8.7960e-02	9.0171e-02	1.0301e-01	2.3550e-01
9.995477e-01	5.0541e-02	5.0735e-02	5.1014e-02	5.1620e-02	5.1804e-02	5.6326e-02	6.1823e-02	6.4183e-02	6.6249e-02	6.9920e-02	7.3105e-02	7.6359e-02	7.9003e-02	8.3278e-02	8.6147e-02	8.8270e-02	9.2413e-02	9.4469e-02	1.0617e-01	2.6152e-01
9.995980e-01	5.3854e-02	5.4077e-02	5.4414e-02	5.5097e-02	5.5280e-02	6.0156e-02	6.5849e-02	6.8205e-02	7.0302e-02	7.4037e-02	7.7337e-02	8.0751e-02	8.3614e-02	8.7994e-02	9.0916e-02	9.3133e-02	9.7619e-02	9.9738e-02	1.1147e-01	2.9369e-01
9.996482e-01	5.8126e-02	5.8352e-02	5.8677e-02	5.9388e-02	5.9597e-02	6.4705e-02	7.0538e-02	7.2998e-02	7.5146e-02	7.9086e-02	8.2579e-02	8.6214e-02	8.9109e-02	9.3487e-02	9.6561e-02	9.8977e-02	1.0418e-01	1.0668e-01	1.2415e-01	3.3504e-01
9.996985e-01	6.3526e-02	6.3761e-02	6.4111e-02	6.4834e-02	6.5049e-02	7.0315e-02	7.6351e-02	7.8927e-02	8.1190e-02	8.5425e-02	8.9092e-02	9.2797e-02	9.5826e-02	1.0036e-01	1.0361e-01	1.0636e-01	1.1294e-01	1.1955e-01	1.3937e-01	3.9021e-01
9.997487e-01	7.0418e-02	7.0661e-02	7.1010e-02	7.1824e-02	7.2046e-02	7.7517e-02	8.4053e-02	8.6842e-02	8.9218e-02	9.3517e-02	9.7286e-02	1.0114e-01	1.0435e-01	1.0948e-01	1.1354e-01	1.1678e-01	1.2320e-01	1.3077e-01	1.4930e-01	4.6721e-01
9.997990e-01	8.0185e-02	8.0453e-02	8.0840e-02	8.1673e-02	8.1940e-02	8.8045e-02	9.4750e-02	9.7559e-02	1.0008e-01	1.0457e-01	1.0850e-01	1.1274e-01	1.1635e-01	1.2174e-01	1.2567e-01	1.2855e-01	1.3405e-01	1.4056e-01	1.5746e-01	5.8190e-01
9.998492e-01	9.6399e-02	9.6677e-02	9.7096e-02	9.7993e-02	9.8206e-02	1.0459e-01	1.1186e-01	1.1493e-01	1.1739e-01	1.2186e-01	1.2549e-01	1.2902e-01	1.3195e-01	1.3613e-01	1.3918e-01	1.4139e-01	1.4561e-01	1.5103e-01	1.6556e-01	7.7105e-01
9.998995e-01	1.3085e-01	1.3115e-01	1.3157e-01	1.3259e-01	1.3285e-01	1.3901e-01	1.4522e-01	1.4732e-01	1.4868e-01	1.5105e-01	1.5267e-01	1.5399e-01	1.5498e-01	1.5652e-01	1.5778e-01	1.5906e-01	1.6206e-01	1.6798e-01	1.7804e-01	1.1423e+00
9.999497e-01	2.5393e-01	2.5440e-01	2.5580e-01	2.5814e-01	2.5861e-01	2.7242e-01	2.8478e-01	2.8945e-01	2.9178e-01	2.9336e-01	2.8997e-01	2.8230e-01	2.7142e-01	2.4808e-01	2.2835e-01	2.1535e-01	2.0737e-01	2.1142e-01	2.2795e-01	2.2072e+00
1.000000e+00	3.1623e+01	3.1623e+01	3.1623e+01	3.1623e+01	3.1623e+01	3.1623e+01	3.1623e+01	3.1623e+01	3.1623e+01	3.1623e+01	3.1623e+01	3.1623e+01	3.1623e+01	3.1623e+01	3.1623e+01	3.1623e+01	3.1623e+01	3.1623e+01	3.1623e+01	3.1623e+01
