1.000000e-05	1.2171e-03	1.2171e-03	1.2171e-03	1.2171e-03	1.2171e-03	1.2171e-03	1.2171e-03	1.2171e-03	1.2171e-03	1.2171e-03	1.2171e-03	1.2172e-03	1.2172e-03	1.2172e-03	1.2172e-03	1.2173e-03	1.2173e-03	1.2173e-03
1.071519e-05	1.2171e-03	1.2171e-03	1.2171e-03	1.2171e-03	1.2171e-03	1.2171e-03	1.2171e-03	1.2171e-03	1.2171e-03	1.2171e-03	1.2172e-03	1.2172e-03	1.2172e-03	1.2172e-03	1.2172e-03	1.2173e-03	1.2173e-03	1.2174e-03
1.148154e-05	1.2171e-03	1.2171e-03	1.2171e-03	1.2171e-03	1.2171e-03	1.2171e-03	1.2171e-03	1.2171e-03	1.2171e-03	1.2171e-03	1.2172e-03	1.2172e-03	1.2172e-03	1.2172e-03	1.2173e-03	1.2173e-03	1.2173e-03	1.2174e-03
1.230269e-05	1.2171e-03	1.2171e-03	1.2171e-03	1.2171e-03	1.2171e-03	1.2171e-03	1.2171e-03	1.2171e-03	1.2171e-03	1.2172e-03	1.2172e-03	1.2172e-03	1.2172e-03	1.2172e-03	1.2173e-03	1.2173e-03	1.2173e-03	1.2174e-03
1.318257e-05	1.2171e-03	1.2171e-03	1.2171e-03	1.2171e-03	1.2171e-03	1.2171e-03	1.2171e-03	1.2171e-03	1.2172e-03	1.2172e-03	1.2172e-03	1.2172e-03	1.2172e-03	1.2173e-03	1.2173e-03	1.2173e-03	1.2174e-03	1.2174e-03
1.412538e-05	1.2171e-03	1.2171e-03	1.2171e-03	1.2171e-03	1.2171e-03	1.2171e-03	1.2171e-03	1.2171e-03	1.2172e-03	1.2172e-03	1.2172e-03	1.2172e-03	1.2173e-03	1.2173e-03	1.2173e-03	1.2174e-03	1.2174e-03	1.2175e-03
1.513561e-05	1.2171e-03	1.2171e-03	1.2171e-03	1.2171e-03	1.2171e-03	1.2171e-03	1.2171e-03	1.2172e-03	1.2172e-03	1.2172e-03	1.2172e-03	1.2173e-03	1.2173e-03	1.2173e-03	1.2173e-03	1.2174e-03	1.2174e-03	1.2175e-03
1.621810e-05	1.2171e-03	1.2171e-03	1.2171e-03	1.2171e-03	1.2171e-03	1.2171e-03	1.2171e-03	1.2172e-03	1.2172e-03	1.2172e-03	1.2172e-03	1.2173e-03	1.2173e-03	1.2173e-03	1.2174e-03	1.2174e-03	1.2175e-03	1.2175e-03
1.737801e-05	1.2171e-03	1.2171e-03	1.2171e-03	1.2171e-03	1.2171e-03	1.2171e-03	1.2172e-03	1.2172e-03	1.2172e-03	1.2172e-03	1.2173e-03	1.2173e-03	1.2173e-03	1.2173e-03	1.2174e-03	1.2174e-03	1.2175e-03	1.2176e-03
1.862087e-05	1.2171e-03	1.2171e-03	1.2171e-03	1.2171e-03	1.2171e-03	1.2171e-03	1.2172e-03	1.2172e-03	1.2172e-03	1.2172e-03	1.2173e-03	1.2173e-03	1.2173e-03	1.2174e-03	1.2174e-03	1.2175e-03	1.2175e-03	1.2176e-03
1.995262e-05	1.2171e-03	1.2171e-03	1.2171e-03	1.2171e-03	1.2171e-03	1.2172e-03	1.2172e-03	1.2172e-03	1.2172e-03	1.2173e-03	1.2173e-03	1.2173e-03	1.2174e-03	1.2174e-03	1.2175e-03	1.2175e-03	1.2176e-03	1.2177e-03
2.137962e-05	1.2171e-03	1.2171e-03	1.2171e-03	1.2171e-03	1.2171e-03	1.2172e-03	1.2172e-03	1.2172e-03	1.2172e-03	1.2173e-03	1.2173e-03	1.2174e-03	1.2174e-03	1.2174e-03	1.2175e-03	1.2175e-03	1.2176e-03	1.2177e-03
2.290868e-05	1.2171e-03	1.2171e-03	1.2171e-03	1.2171e-03	1.2172e-03	1.2172e-03	1.2172e-03	1.2172e-03	1.2173e-03	1.2173e-03	1.2173e-03	1.2174e-03	1.2174e-03	1.2175e-03	1.2175e-03	1.2176e-03	1.2176e-03	1.2178e-03
2.454709e-05	1.2171e-03	1.2171e-03	1.2171e-03	1.2172e-03	1.2172e-03	1.2172e-03	1.2172e-03	1.2173e-03	1.2173e-03	1.2173e-03	1.2174e-03	1.2174e-03	1.2175e-03	1.2175e-03	1.2176e-03	1.2176e-03	1.2177e-03	1.2178e-03
2.630268e-05	1.2172e-03	1.2172e-03	1.2172e-03	1.2172e-03	1.2172e-03	1.2172e-03	1.2172e-03	1.2173e-03	1.2173e-03	1.2173e-03	1.2174e-03	1.2174e-03	1.2175e-03	1.2175e-03	1.2176e-03	1.2177e-03	1.2177e-03	1.2179e-03
2.818383e-05	1.2172e-03	1.2172e-03	1.2172e-03	1.2172e-03	1.2172e-03	1.2172e-03	1.2173e-03	1.2173e-03	1.2173e-03	1.2174e-03	1.2174e-03	1.2175e-03	1.2175e-03	1.2176e-03	1.2176e-03	1.2177e-03	1.2178e-03	1.2179e-03
3.019952e-05	1.2172e-03	1.2172e-03	1.2172e-03	1.2172e-03	1.2172e-03	1.2172e-03	1.2173e-03	1.2173e-03	1.2173e-03	1.2174e-03	1.2174e-03	1.2175e-03	1.2176e-03	1.2176e-03	1.2177e-03	1.2178e-03	1.2178e-03	1.2180e-03
3.235937e-05	1.2172e-03	1.2172e-03	1.2172e-03	1.2172e-03	1.2172e-03	1.2173e-03	1.2173e-03	1.2173e-03	1.2174e-03	1.2174e-03	1.2175e-03	1.2175e-03	1.2176e-03	1.2176e-03	1.2177e-03	1.2178e-03	1.2179e-03	1.2181e-03
3.467369e-05	1.2172e-03	1.2172e-03	1.2172e-03	1.2172e-03	1.2172e-03	1.2173e-03	1.2173e-03	1.2174e-03	1.2174e-03	1.2174e-03	1.2175e-03	1.2176e-03	1.2176e-03	1.2177e-03	1.2178e-03	1.2179e-03	1.2180e-03	1.2181e-03
3.715352e-05	1.2172e-03	1.2172e-03	1.2172e-03	1.2172e-03	1.2173e-03	1.2173e-03	1.2173e-03	1.2174e-03	1.2174e-03	1.2175e-03	1.2176e-03	1.2176e-03	1.2177e-03	1.2177e-03	1.2179e-03	1.2180e-03	1.2180e-03	1.2182e-03
3.981072e-05	1.2172e-03	1.2172e-03	1.2172e-03	1.2173e-03	1.2173e-03	1.2173e-03	1.2174e-03	1.2174e-03	1.2175e-03	1.2175e-03	1.2176e-03	1.2177e-03	1.2177e-03	1.2178e-03	1.2179e-03	1.2180e-03	1.2181e-03	1.2183e-03
4.265795e-05	1.2172e-03	1.2173e-03	1.2173e-03	1.2173e-03	1.2173e-03	1.2173e-03	1.2174e-03	1.2174e-03	1.2175e-03	1.2175e-03	1.2176e-03	1.2177e-03	1.2178e-03	1.2179e-03	1.2180e-03	1.2181e-03	1.2182e-03	1.2184e-03
4.570882e-05	1.2173e-03	1.2173e-03	1.2173e-03	1.2173e-03	1.2173e-03	1.2174e-03	1.2174e-03	1.2175e-03	1.2175e-03	1.2176e-03	1.2177e-03	1.2178e-03	1.2178e-03	1.2179e-03	1.2180e-03	1.2182e-03	1.2183e-03	1.2185e-03
4.897788e-05	1.2173e-03	1.2173e-03	1.2173e-03	1.2173e-03	1.2173e-03	1.2174e-03	1.2174e-03	1.2175e-03	1.2176e-03	1.2176e-03	1.2177e-03	1.2178e-03	1.2179e-03	1.2180e-03	1.2181e-03	1.2183e-03	1.2184e-03	1.2186e-03
5.248075e-05	1.2173e-03	1.2173e-03	1.2173e-03	1.2173e-03	1.2174e-03	1.2174e-03	1.2175e-03	1.2175e-03	1.2176e-03	1.2177e-03	1.2178e-03	1.2179e-03	1.2180e-03	1.2180e-03	1.2182e-03	1.2183e-03	1.2185e-03	1.2187e-03
5.623413e-05	1.2173e-03	1.2173e-03	1.2173e-03	1.2174e-03	1.2174e-03	1.2174e-03	1.2175e-03	1.2176e-03	1.2176e-03	1.2177e-03	1.2178e-03	1.2179e-03	1.2180e-03	1.2181e-03	1.2183e-03	1.2184e-03	1.2186e-03	1.2188e-03
6.025596e-05	1.2173e-03	1.2174e-03	1.2174e-03	1.2174e-03	1.2174e-03	1.2175e-03	1.2175e-03	1.2176e-03	1.2177e-03	1.2178e-03	1.2179e-03	1.2180e-03	1.2181e-03	1.2182e-03	1.2184e-03	1.2185e-03	1.2187e-03	1.2190e-03
6.456542e-05	1.2174e-03	1.2174e-03	1.2174e-03	1.2174e-03	1.2174e-03	1.2175e-03	1.2176e-03	1.2177e-03	1.2177e-03	1.2178e-03	1.2180e-03	1.2181e-03	1.2182e-03	1.2183e-03	1.2185e-03	1.2187e-03	1.2188e-03	1.2191e-03
6.918310e-05	1.2174e-03	1.2174e-03	1.2174e-03	1.2174e-03	1.2175e-03	1.2175e-03	1.2176e-03	1.2177e-03	1.2178e-03	1.2179e-03	1.2180e-03	1.2181e-03	1.2183e-03	1.2184e-03	1.2186e-03	1.2188e-03	1.2189e-03	1.2193e-03
7.413102e-05	1.2174e-03	1.2174e-03	1.2175e-03	1.2175e-03	1.2175e-03	1.2176e-03	1.2177e-03	1.2178e-03	1.2178e-03	1.2179e-03	1.2181e-03	1.2182e-03	1.2184e-03	1.2185e-03	1.2187e-03	1.2189e-03	1.2191e-03	1.2194e-03
7.943282e-05	1.2175e-03	1.2175e-03	1.2175e-03	1.2175e-03	1.2175e-03	1.2176e-03	1.2177e-03	1.2178e-03	1.2179e-03	1.2180e-03	1.2182e-03	1.2183e-03	1.2185e-03	1.2186e-03	1.2188e-03	1.2190e-03	1.2192e-03	1.2196e-03
8.511380e-05	1.2175e-03	1.2175e-03	1.2175e-03	1.2175e-03	1.2176e-03	1.2177e-03	1.2178e-03	1.2179e-03	1.2180e-03	1.2181e-03	1.2183e-03	1.2184e-03	1.2186e-03	1.2187e-03	1.2190e-03	1.2192e-03	1.2194e-03	1.2198e-03
9.120108e-05	1.2175e-03	1.2175e-03	1.2176e-03	1.2176e-03	1.2176e-03	1.2177e-03	1.2178e-03	1.2179e-03	1.2180e-03	1.2181e-03	1.2184e-03	1.2185e-03	1.2187e-03	1.2188e-03	1.2191e-03	1.2193e-03	1.2196e-03	1.2200e-03
9.772372e-05	1.2176e-03	1.2176e-03	1.2176e-03	1.2176e-03	1.2177e-03	1.2178e-03	1.2179e-03	1.2180e-03	1.2181e-03	1.2182e-03	1.2185e-03	1.2186e-03	1.2188e-03	1.2190e-03	1.2192e-03	1.2195e-03	1.2197e-03	1.2202e-03
1.047129e-04	1.2176e-03	1.2176e-03	1.2176e-03	1.2177e-03	1.2177e-03	1.2178e-03	1.2179e-03	1.2181e-03	1.2182e-03	1.2183e-03	1.2186e-03	1.2187e-03	1.2189e-03	1.2191e-03	1.2194e-03	1.2197e-03	1.2199e-03	1.2204e-03
1.122018e-04	1.2176e-03	1.2177e-03	1.2177e-03	1.2177e-03	1.2178e-03	1.2179e-03	1.2180e-03	1.2181e-03	1.2183e-03	1.2184e-03	1.2187e-03	1.2189e-03	1.2191e-03	1.2192e-03	1.2196e-03	1.2199e-03	1.2202e-03	1.2207e-03
1.202264e-04	1.2177e-03	1.2177e-03	1.2177e-03	1.2178e-03	1.2178e-03	1.2180e-03	1.2181e-03	1.2182e-03	1.2184e-03	1.2185e-03	1.2188e-03	1.2190e-03	1.2192e-03	1.2194e-03	1.2198e-03	1.2201e-03	1.2204e-03	1.2210e-03
1.288250e-04	1.2177e-03	1.2178e-03	1.2178e-03	1.2178e-03	1.2179e-03	1.2180e-03	1.2182e-03	1.2183e-03	1.2185e-03	1.2186e-03	1.2189e-03	1.2191e-03	1.2194e-03	1.2196e-03	1.2200e-03	1.2203e-03	1.2206e-03	1.2212e-03
1.380384e-04	1.2178e-03	1.2178e-03	1.2178e-03	1.2179e-03	1.2179e-03	1.2181e-03	1.2183e-03	1.2184e-03	1.2186e-03	1.2187e-03	1.2190e-03	1.2193e-03	1.2195e-03	1.2198e-03	1.2202e-03	1.2205e-03	1.2209e-03	1.2215e-03
1.479108e-04	1.2179e-03	1.2179e-03	1.2179e-03	1.2179e-03	1.2180e-03	1.2182e-03	1.2183e-03	1.2185e-03	1.2187e-03	1.2189e-03	1.2192e-03	1.2194e-03	1.2197e-03	1.2200e-03	1.2204e-03	1.2208e-03	1.2212e-03	1.2219e-03
1.584893e-04	1.2179e-03	1.2179e-03	1.2180e-03	1.2180e-03	1.2181e-03	1.2183e-03	1.2184e-03	1.2186e-03	1.2188e-03	1.2190e-03	1.2194e-03	1.2196e-03	1.2199e-03	1.2202e-03	1.2206e-03	1.2211e-03	1.2215e-03	1.2222e-03
1.698244e-04	1.2180e-03	1.2180e-03	1.2180e-03	1.2181e-03	1.2182e-03	1.2183e-03	1.2185e-03	1.2187e-03	1.2189e-03	1.2191e-03	1.2195e-03	1.2198e-03	1.2201e-03	1.2204e-03	1.2209e-03	1.2213e-03	1.2218e-03	1.2226e-03
1.819701e-04	1.2181e-03	1.2181e-03	1.2181e-03	1.2181e-03	1.2182e-03	1.2184e-03	1.2186e-03	1.2189e-03	1.2191e-03	1.2193e-03	1.2197e-03	1.2200e-03	1.2203e-03	1.2206e-03	1.2212e-03	1.2217e-03	1.2221e-03	1.2230e-03
1.949845e-04	1.2181e-03	1.2181e-03	1.2182e-03	1.2182e-03	1.2183e-03	1.2185e-03	1.2188e-03	1.2190e-03	1.2192e-03	1.2195e-03	1.2199e-03	1.2202e-03	1.2206e-03	1.2209e-03	1.2215e-03	1.2220e-03	1.2225e-03	1.2234e-03
2.089296e-04	1.2182e-03	1.2182e-03	1.2183e-03	1.2183e-03	1.2184e-03	1.2187e-03	1.2189e-03	1.2191e-03	1.2194e-03	1.2196e-03	1.2201e-03	1.2205e-03	1.2208e-03	1.2212e-03	1.2218e-03	1.2223e-03	1.2229e-03	1.2239e-03
2.238721e-04	1.2183e-03	1.2183e-03	1.2184e-03	1.2184e-03	1.2185e-03	1.2188e-03	1.2190e-03	1.2193e-03	1.2196e-03	1.2198e-03	1.2203e-03	1.2207e-03	1.2211e-03	1.2215e-03	1.2221e-03	1.2227e-03	1.2233e-03	1.2244e-03
2.398833e-04	1.2184e-03	1.2184e-03	1.2185e-03	1.2185e-03	1.2186e-03	1.2189e-03	1.2192e-03	1.2195e-03	1.2197e-03	1.2200e-03	1.2206e-03	1.2210e-03	1.2214e-03	1.2218e-03	1.2225e-03	1.2231e-03	1.2237e-03	1.2249e-03
2.570396e-04	1.2185e-03	1.2185e-03	1.2186e-03	1.2186e-03	1.2188e-03	1.2190e-03	1.2193e-03	1.2196e-03	1.2199e-03	1.2202e-03	1.2208e-03	1.2212e-03	1.2217e-03	1.2221e-03	1.2229e-03	1.2236e-03	1.2242e-03	1.2254e-03
2.754229e-04	1.2186e-03	1.2186e-03	1.2187e-03	1.2187e-03	1.2189e-03	1.2192e-03	1.2195e-03	1.2198e-03	1.2201e-03	1.2205e-03	1.2211e-03	1.2216e-03	1.2220e-03	1.2225e-03	1.2233e-03	1.2240e-03	1.2247e-03	1.2261e-03
2.951209e-04	1.2187e-03	1.2187e-03	1.2188e-03	1.2189e-03	1.2190e-03	1.2193e-03	1.2197e-03	1.2200e-03	1.2204e-03	1.2207e-03	1.2214e-03	1.2219e-03	1.2224e-03	1.2229e-03	1.2238e-03	1.2245e-03	1.2253e-03	1.2267e-03
3.162278e-04	1.2188e-03	1.2189e-03	1.2189e-03	1.2190e-03	1.2192e-03	1.2195e-03	1.2199e-03	1.2202e-03	1.2206e-03	1.2210e-03	1.2217e-03	1.2222e-03	1.2228e-03	1.2233e-03	1.2243e-03	1.2251e-03	1.2259e-03	1.2274e-03
3.388442e-04	1.2190e-03	1.2190e-03	1.2191e-03	1.2191e-03	1.2193e-03	1.2197e-03	1.2201e-03	1.2205e-03	1.2209e-03	1.2213e-03	1.2220e-03	1.2226e-03	1.2232e-03	1.2238e-03	1.2248e-03	1.2257e-03	1.2265e-03	1.2281e-03
3.630781e-04	1.2191e-03	1.2191e-03	1.2192e-03	1.2193e-03	1.2195e-03	1.2199e-03	1.2203e-03	1.2207e-03	1.2211e-03	1.2216e-03	1.2224e-03	1.2230e-03	1.2237e-03	1.2243e-03	1.2253e-03	1.2263e-03	1.2272e-03	1.2289e-03
3.890451e-04	1.2192e-03	1.2193e-03	1.2194e-03	1.2194e-03	1.2197e-03	1.2201e-03	1.2205e-03	1.2210e-03	1.2214e-03	1.2219e-03	1.2228e-03	1.2234e-03	1.2241e-03	1.2248e-03	1.2259e-03	1.2269e-03	1.2279e-03	1.2298e-03
4.168694e-04	1.2194e-03	1.2194e-03	1.2195e-03	1.2196e-03	1.2198e-03	1.2203e-03	1.2208e-03	1.2213e-03	1.2218e-03	1.2222e-03	1.2232e-03	1.2239e-03	1.2246e-03	1.2253e-03	1.2266e-03	1.2277e-03	1.2287e-03	1.2307e-03
4.466836e-04	1.2196e-03	1.2196e-03	1.2197e-03	1.2198e-03	1.2200e-03	1.2205e-03	1.2210e-03	1.2216e-03	1.2221e-03	1.2226e-03	1.2236e-03	1.2244e-03	1.2252e-03	1.2259e-03	1.2272e-03	1.2284e-03	1.2295e-03	1.2317e-03
4.786301e-04	1.2198e-03	1.2198e-03	1.2199e-03	1.2200e-03	1.2203e-03	1.2208e-03	1.2213e-03	1.2219e-03	1.2225e-03	1.2230e-03	1.2241e-03	1.2249e-03	1.2258e-03	1.2266e-03	1.2280e-03	1.2292e-03	1.2304e-03	1.2327e-03
5.128614e-04	1.2200e-03	1.2200e-03	1.2201e-03	1.2202e-03	1.2205e-03	1.2211e-03	1.2216e-03	1.2222e-03	1.2229e-03	1.2235e-03	1.2246e-03	1.2255e-03	1.2264e-03	1.2273e-03	1.2288e-03	1.2301e-03	1.2314e-03	1.2339e-03
5.495409e-04	1.2202e-03	1.2202e-03	1.2203e-03	1.2205e-03	1.2207e-03	1.2213e-03	1.2220e-03	1.2226e-03	1.2233e-03	1.2239e-03	1.2252e-03	1.2261e-03	1.2271e-03	1.2280e-03	1.2296e-03	1.2311e-03	1.2324e-03	1.2351e-03
5.888437e-04	1.2204e-03	1.2205e-03	1.2206e-03	1.2207e-03	1.2210e-03	1.2217e-03	1.2223e-03	1.2230e-03	1.2237e-03	1.2244e-03	1.2257e-03	1.2267e-03	1.2278e-03	1.2288e-03	1.2305e-03	1.2321e-03	1.2335e-03	1.2364e-03
6.309573e-04	1.2206e-03	1.2207e-03	1.2208e-03	1.2210e-03	1.2213e-03	1.2220e-03	1.2227e-03	1.2235e-03	1.2242e-03	1.2249e-03	1.2264e-03	1.2274e-03	1.2286e-03	1.2296e-03	1.2315e-03	1.2331e-03	1.2347e-03	1.2377e-03
6.760830e-04	1.2209e-03	1.2210e-03	1.2211e-03	1.2213e-03	1.2216e-03	1.2223e-03	1.2231e-03	1.2239e-03	1.2247e-03	1.2255e-03	1.2270e-03	1.2282e-03	1.2294e-03	1.2305e-03	1.2325e-03	1.2343e-03	1.2360e-03	1.2392e-03
7.244360e-04	1.2212e-03	1.2213e-03	1.2214e-03	1.2216e-03	1.2219e-03	1.2227e-03	1.2236e-03	1.2244e-03	1.2253e-03	1.2261e-03	1.2278e-03	1.2290e-03	1.2303e-03	1.2315e-03	1.2336e-03	1.2355e-03	1.2374e-03	1.2408e-03
7.762471e-04	1.2215e-03	1.2216e-03	1.2217e-03	1.2219e-03	1.2223e-03	1.2231e-03	1.2240e-03	1.2249e-03	1.2259e-03	1.2268e-03	1.2285e-03	1.2298e-03	1.2312e-03	1.2325e-03	1.2348e-03	1.2369e-03	1.2388e-03	1.2425e-03
8.317638e-04	1.2218e-03	1.2219e-03	1.2221e-03	1.2222e-03	1.2227e-03	1.2236e-03	1.2245e-03	1.2255e-03	1.2265e-03	1.2275e-03	1.2293e-03	1.2307e-03	1.2322e-03	1.2336e-03	1.2361e-03	1.2383e-03	1.2404e-03	1.2443e-03
8.912509e-04	1.2221e-03	1.2222e-03	1.2224e-03	1.2226e-03	1.2231e-03	1.2241e-03	1.2251e-03	1.2261e-03	1.2272e-03	1.2282e-03	1.2302e-03	1.2317e-03	1.2333e-03	1.2348e-03	1.2374e-03	1.2398e-03	1.2420e-03	1.2463e-03
9.549926e-04	1.2225e-03	1.2226e-03	1.2228e-03	1.2230e-03	1.2235e-03	1.2246e-03	1.2256e-03	1.2268e-03	1.2279e-03	1.2290e-03	1.2312e-03	1.2328e-03	1.2345e-03	1.2361e-03	1.2389e-03	1.2414e-03	1.2438e-03	1.2484e-03
1.023293e-03	1.2229e-03	1.2230e-03	1.2232e-03	1.2234e-03	1.2240e-03	1.2251e-03	1.2263e-03	1.2275e-03	1.2287e-03	1.2299e-03	1.2322e-03	1.2339e-03	1.2358e-03	1.2375e-03	1.2405e-03	1.2432e-03	1.2457e-03	1.2506e-03
1.096478e-03	1.2233e-03	1.2234e-03	1.2237e-03	1.2239e-03	1.2245e-03	1.2257e-03	1.2269e-03	1.2282e-03	1.2295e-03	1.2308e-03	1.2333e-03	1.2351e-03	1.2371e-03	1.2389e-03	1.2421e-03	1.2450e-03	1.2478e-03	1.2530e-03
1.174898e-03	1.2238e-03	1.2239e-03	1.2241e-03	1.2244e-03	1.2250e-03	1.2263e-03	1.2276e-03	1.2290e-03	1.2304e-03	1.2318e-03	1.2344e-03	1.2364e-03	1.2385e-03	1.2405e-03	1.2439e-03	1.2470e-03	1.2500e-03	1.2556e-03
1.258925e-03	1.2243e-03	1.2244e-03	1.2247e-03	1.2249e-03	1.2256e-03	1.2270e-03	1.2284e-03	1.2299e-03	1.2314e-03	1.2328e-03	1.2357e-03	1.2378e-03	1.2401e-03	1.2422e-03	1.2459e-03	1.2492e-03	1.2524e-03	1.2584e-03
1.348963e-03	1.2248e-03	1.2249e-03	1.2252e-03	1.2255e-03	1.2262e-03	1.2277e-03	1.2292e-03	1.2308e-03	1.2324e-03	1.2340e-03	1.2370e-03	1.2393e-03	1.2417e-03	1.2440e-03	1.2479e-03	1.2515e-03	1.2549e-03	1.2613e-03
1.445440e-03	1.2253e-03	1.2255e-03	1.2258e-03	1.2261e-03	1.2269e-03	1.2284e-03	1.2301e-03	1.2318e-03	1.2335e-03	1.2352e-03	1.2385e-03	1.2409e-03	1.2435e-03	1.2459e-03	1.2501e-03	1.2540e-03	1.2576e-03	1.2645e-03
1.548817e-03	1.2259e-03	1.2261e-03	1.2264e-03	1.2267e-03	1.2276e-03	1.2293e-03	1.2310e-03	1.2328e-03	1.2347e-03	1.2365e-03	1.2400e-03	1.2426e-03	1.2454e-03	1.2480e-03	1.2525e-03	1.2566e-03	1.2605e-03	1.2679e-03
1.659587e-03	1.2266e-03	1.2267e-03	1.2271e-03	1.2274e-03	1.2283e-03	1.2301e-03	1.2320e-03	1.2340e-03	1.2359e-03	1.2379e-03	1.2416e-03	1.2444e-03	1.2474e-03	1.2502e-03	1.2551e-03	1.2594e-03	1.2636e-03	1.2715e-03
1.778279e-03	1.2273e-03	1.2274e-03	1.2278e-03	1.2282e-03	1.2291e-03	1.2311e-03	1.2331e-03	1.2352e-03	1.2373e-03	1.2394e-03	1.2434e-03	1.2464e-03	1.2496e-03	1.2525e-03	1.2578e-03	1.2625e-03	1.2670e-03	1.2754e-03
1.905461e-03	1.2280e-03	1.2282e-03	1.2286e-03	1.2290e-03	1.2300e-03	1.2321e-03	1.2343e-03	1.2365e-03	1.2387e-03	1.2410e-03	1.2453e-03	1.2485e-03	1.2519e-03	1.2551e-03	1.2607e-03	1.2657e-03	1.2705e-03	1.2795e-03
2.041738e-03	1.2288e-03	1.2290e-03	1.2294e-03	1.2298e-03	1.2309e-03	1.2332e-03	1.2355e-03	1.2379e-03	1.2403e-03	1.2427e-03	1.2473e-03	1.2507e-03	1.2544e-03	1.2578e-03	1.2638e-03	1.2692e-03	1.2744e-03	1.2839e-03
2.187762e-03	1.2296e-03	1.2298e-03	1.2303e-03	1.2308e-03	1.2319e-03	1.2343e-03	1.2368e-03	1.2394e-03	1.2420e-03	1.2445e-03	1.2495e-03	1.2532e-03	1.2571e-03	1.2607e-03	1.2672e-03	1.2729e-03	1.2784e-03	1.2885e-03
2.344229e-03	1.2305e-03	1.2308e-03	1.2313e-03	1.2317e-03	1.2330e-03	1.2355e-03	1.2382e-03	1.2410e-03	1.2437e-03	1.2465e-03	1.2518e-03	1.2557e-03	1.2600e-03	1.2639e-03	1.2708e-03	1.2769e-03	1.2826e-03	1.2935e-03
2.511886e-03	1.2315e-03	1.2318e-03	1.2323e-03	1.2328e-03	1.2341e-03	1.2369e-03	1.2397e-03	1.2427e-03	1.2457e-03	1.2486e-03	1.2543e-03	1.2585e-03	1.2631e-03	1.2672e-03	1.2746e-03	1.2811e-03	1.2872e-03	1.2989e-03
2.691535e-03	1.2325e-03	1.2328e-03	1.2334e-03	1.2339e-03	1.2353e-03	1.2383e-03	1.2414e-03	1.2445e-03	1.2477e-03	1.2509e-03	1.2570e-03	1.2615e-03	1.2663e-03	1.2708e-03	1.2786e-03	1.2855e-03	1.2921e-03	1.3046e-03
2.884032e-03	1.2336e-03	1.2339e-03	1.2345e-03	1.2351e-03	1.2367e-03	1.2398e-03	1.2431e-03	1.2465e-03	1.2499e-03	1.2533e-03	1.2598e-03	1.2647e-03	1.2699e-03	1.2746e-03	1.2829e-03	1.2903e-03	1.2974e-03	1.3108e-03
3.090295e-03	1.2348e-03	1.2352e-03	1.2358e-03	1.2364e-03	1.2381e-03	1.2415e-03	1.2450e-03	1.2486e-03	1.2523e-03	1.2559e-03	1.2629e-03	1.2681e-03	1.2737e-03	1.2786e-03	1.2875e-03	1.2954e-03	1.3030e-03	1.3174e-03
3.311311e-03	1.2361e-03	1.2364e-03	1.2371e-03	1.2378e-03	1.2396e-03	1.2432e-03	1.2470e-03	1.2509e-03	1.2548e-03	1.2587e-03	1.2662e-03	1.2717e-03	1.2776e-03	1.2829e-03	1.2924e-03	1.3009e-03	1.3091e-03	1.3245e-03
3.548134e-03	1.2375e-03	1.2378e-03	1.2386e-03	1.2393e-03	1.2412e-03	1.2451e-03	1.2491e-03	1.2533e-03	1.2575e-03	1.2617e-03	1.2697e-03	1.2756e-03	1.2819e-03	1.2876e-03	1.2977e-03	1.3068e-03	1.3155e-03	1.3320e-03
3.801894e-03	1.2389e-03	1.2393e-03	1.2401e-03	1.2409e-03	1.2429e-03	1.2471e-03	1.2514e-03	1.2559e-03	1.2604e-03	1.2648e-03	1.2734e-03	1.2797e-03	1.2864e-03	1.2925e-03	1.3034e-03	1.3132e-03	1.3225e-03	1.3400e-03
4.073803e-03	1.2405e-03	1.2409e-03	1.2418e-03	1.2426e-03	1.2448e-03	1.2492e-03	1.2539e-03	1.2587e-03	1.2635e-03	1.2683e-03	1.2774e-03	1.2841e-03	1.2912e-03	1.2978e-03	1.3095e-03	1.3199e-03	1.3299e-03	1.3485e-03
4.365158e-03	1.2422e-03	1.2426e-03	1.2435e-03	1.2444e-03	1.2468e-03	1.2515e-03	1.2565e-03	1.2616e-03	1.2668e-03	1.2719e-03	1.2816e-03	1.2887e-03	1.2964e-03	1.3034e-03	1.3160e-03	1.3272e-03	1.3378e-03	1.3575e-03
4.677351e-03	1.2440e-03	1.2445e-03	1.2454e-03	1.2464e-03	1.2489e-03	1.2540e-03	1.2594e-03	1.2648e-03	1.2704e-03	1.2758e-03	1.2861e-03	1.2938e-03	1.3020e-03	1.3095e-03	1.3229e-03	1.3349e-03	1.3461e-03	1.3673e-03
5.011872e-03	1.2459e-03	1.2464e-03	1.2475e-03	1.2485e-03	1.2512e-03	1.2567e-03	1.2624e-03	1.2683e-03	1.2742e-03	1.2799e-03	1.2909e-03	1.2991e-03	1.3080e-03	1.3160e-03	1.3304e-03	1.3430e-03	1.3550e-03	1.3777e-03
5.370318e-03	1.2480e-03	1.2485e-03	1.2496e-03	1.2508e-03	1.2536e-03	1.2595e-03	1.2656e-03	1.2719e-03	1.2782e-03	1.2843e-03	1.2961e-03	1.3049e-03	1.3144e-03	1.3230e-03	1.3383e-03	1.3517e-03	1.3645e-03	1.3888e-03
5.754399e-03	1.2502e-03	1.2508e-03	1.2520e-03	1.2532e-03	1.2562e-03	1.2625e-03	1.2691e-03	1.2758e-03	1.2824e-03	1.2890e-03	1.3017e-03	1.3111e-03	1.3212e-03	1.3305e-03	1.3466e-03	1.3610e-03	1.3748e-03	1.4007e-03
6.165950e-03	1.2526e-03	1.2532e-03	1.2545e-03	1.2558e-03	1.2590e-03	1.2658e-03	1.2728e-03	1.2799e-03	1.2870e-03	1.2941e-03	1.3076e-03	1.3177e-03	1.3286e-03	1.3384e-03	1.3556e-03	1.3710e-03	1.3857e-03	1.4132e-03
6.606934e-03	1.2551e-03	1.2558e-03	1.2572e-03	1.2585e-03	1.2620e-03	1.2693e-03	1.2768e-03	1.2843e-03	1.2919e-03	1.2995e-03	1.3140e-03	1.3248e-03	1.3364e-03	1.3467e-03	1.3652e-03	1.3817e-03	1.3974e-03	1.4266e-03
7.079458e-03	1.2579e-03	1.2586e-03	1.2600e-03	1.2615e-03	1.2653e-03	1.2730e-03	1.2809e-03	1.2890e-03	1.2971e-03	1.3052e-03	1.3208e-03	1.3324e-03	1.3446e-03	1.3557e-03	1.3754e-03	1.3931e-03	1.4097e-03	1.4410e-03
7.585776e-03	1.2608e-03	1.2616e-03	1.2631e-03	1.2647e-03	1.2687e-03	1.2770e-03	1.2854e-03	1.2940e-03	1.3027e-03	1.3114e-03	1.3281e-03	1.3404e-03	1.3534e-03	1.3653e-03	1.3864e-03	1.4052e-03	1.4228e-03	1.4564e-03
8.128305e-03	1.2639e-03	1.2647e-03	1.2664e-03	1.2681e-03	1.2724e-03	1.2811e-03	1.2902e-03	1.2994e-03	1.3088e-03	1.3181e-03	1.3359e-03	1.3489e-03	1.3628e-03	1.3755e-03	1.3982e-03	1.4180e-03	1.4369e-03	1.4726e-03
8.709636e-03	1.2673e-03	1.2682e-03	1.2700e-03	1.2718e-03	1.2763e-03	1.2856e-03	1.2953e-03	1.3052e-03	1.3152e-03	1.3252e-03	1.3441e-03	1.3580e-03	1.3729e-03	1.3865e-03	1.4105e-03	1.4318e-03	1.4520e-03	1.4898e-03
9.332543e-03	1.2709e-03	1.2718e-03	1.2737e-03	1.2756e-03	1.2804e-03	1.2904e-03	1.3008e-03	1.3114e-03	1.3221e-03	1.3328e-03	1.3529e-03	1.3677e-03	1.3837e-03	1.3983e-03	1.4237e-03	1.4465e-03	1.4681e-03	1.5082e-03
1.000000e-02	1.2747e-03	1.2757e-03	1.2777e-03	1.2797e-03	1.2849e-03	1.2955e-03	1.3067e-03	1.3181e-03	1.3295e-03	1.3408e-03	1.3622e-03	1.3781e-03	1.3953e-03	1.4106e-03	1.4379e-03	1.4622e-03	1.4850e-03	1.5280e-03
1.980000e-02	1.3297e-03	1.3317e-03	1.3356e-03	1.3395e-03	1.3494e-03	1.3699e-03	1.3914e-03	1.4130e-03	1.4346e-03	1.4562e-03	1.4967e-03	1.5266e-03	1.5582e-03	1.5868e-03	1.6369e-03	1.6813e-03	1.7226e-03	1.7999e-03
2.960000e-02	1.3833e-03	1.3861e-03	1.3919e-03	1.3978e-03	1.4122e-03	1.4422e-03	1.4732e-03	1.5045e-03	1.5359e-03	1.5664e-03	1.6243e-03	1.6666e-03	1.7115e-03	1.7521e-03	1.8227e-03	1.8845e-03	1.9426e-03	2.0494e-03
3.940000e-02	1.4358e-03	1.4395e-03	1.4470e-03	1.4546e-03	1.4736e-03	1.5124e-03	1.5524e-03	1.5928e-03	1.6327e-03	1.6722e-03	1.7463e-03	1.8002e-03	1.8575e-03	1.9087e-03	1.9978e-03	2.0755e-03	2.1482e-03	2.2820e-03
4.920000e-02	1.4873e-03	1.4918e-03	1.5009e-03	1.5101e-03	1.5335e-03	1.5806e-03	1.6291e-03	1.6782e-03	1.7265e-03	1.7743e-03	1.8635e-03	1.9285e-03	1.9966e-03	2.0578e-03	2.1643e-03	2.2568e-03	2.3428e-03	2.5008e-03
5.900000e-02	1.5380e-03	1.5432e-03	1.5538e-03	1.5645e-03	1.5917e-03	1.6470e-03	1.7038e-03	1.7613e-03	1.8176e-03	1.8730e-03	1.9763e-03	2.0512e-03	2.1306e-03	2.2012e-03	2.3237e-03	2.4296e-03	2.5280e-03	2.7088e-03
6.880000e-02	1.5873e-03	1.5934e-03	1.6058e-03	1.6179e-03	1.6487e-03	1.7119e-03	1.7768e-03	1.8420e-03	1.9059e-03	1.9686e-03	2.0855e-03	2.1702e-03	2.2593e-03	2.3389e-03	2.4760e-03	2.5950e-03	2.7054e-03	2.9073e-03
7.860000e-02	1.6359e-03	1.6427e-03	1.6563e-03	1.6701e-03	1.7047e-03	1.7756e-03	1.8481e-03	1.9206e-03	1.9917e-03	2.0615e-03	2.1916e-03	2.2852e-03	2.3838e-03	2.4716e-03	2.6234e-03	2.7545e-03	2.8756e-03	3.0977e-03
8.840000e-02	1.6840e-03	1.6914e-03	1.7063e-03	1.7214e-03	1.7598e-03	1.8380e-03	1.9175e-03	1.9971e-03	2.0754e-03	2.1522e-03	2.2944e-03	2.3968e-03	2.5046e-03	2.6005e-03	2.7660e-03	2.9084e-03	3.0402e-03	3.2811e-03
9.820000e-02	1.7309e-03	1.7391e-03	1.7556e-03	1.7721e-03	1.8137e-03	1.8989e-03	1.9854e-03	2.0720e-03	2.1574e-03	2.2407e-03	2.3944e-03	2.5054e-03	2.6221e-03	2.7256e-03	2.9040e-03	3.0577e-03	3.1998e-03	3.4581e-03
1.080000e-01	1.7776e-03	1.7863e-03	1.8041e-03	1.8219e-03	1.8671e-03	1.9589e-03	2.0521e-03	2.1456e-03	2.2376e-03	2.3271e-03	2.4920e-03	2.6113e-03	2.7364e-03	2.8472e-03	3.0381e-03	3.2028e-03	3.3540e-03	3.6298e-03
1.178000e-01	1.8236e-03	1.8331e-03	1.8522e-03	1.8713e-03	1.9197e-03	2.0180e-03	2.1179e-03	2.2180e-03	2.3160e-03	2.4112e-03	2.5876e-03	2.7147e-03	2.8477e-03	2.9658e-03	3.1689e-03	3.3433e-03	3.5038e-03	3.7968e-03
1.276000e-01	1.8692e-03	1.8793e-03	1.8996e-03	1.9202e-03	1.9715e-03	2.0760e-03	2.1821e-03	2.2885e-03	2.3926e-03	2.4937e-03	2.6814e-03	2.8157e-03	2.9566e-03	3.0818e-03	3.2961e-03	3.4802e-03	3.6497e-03	3.9591e-03
1.374000e-01	1.9146e-03	1.9253e-03	1.9468e-03	1.9683e-03	2.0229e-03	2.1334e-03	2.2458e-03	2.3582e-03	2.4682e-03	2.5751e-03	2.7728e-03	2.9145e-03	3.0634e-03	3.1951e-03	3.4204e-03	3.6139e-03	3.7924e-03	4.1171e-03
1.472000e-01	1.9594e-03	1.9706e-03	1.9933e-03	2.0162e-03	2.0734e-03	2.1900e-03	2.3086e-03	2.4271e-03	2.5427e-03	2.6550e-03	2.8624e-03	3.0110e-03	3.1674e-03	3.3054e-03	3.5422e-03	3.7450e-03	3.9318e-03	4.2716e-03
1.570000e-01	2.0039e-03	2.0158e-03	2.0396e-03	2.0634e-03	2.1238e-03	2.2462e-03	2.3704e-03	2.4945e-03	2.6157e-03	2.7336e-03	2.9508e-03	3.1062e-03	3.2696e-03	3.4138e-03	3.6613e-03	3.8738e-03	4.0683e-03	4.4228e-03
1.668000e-01	2.0481e-03	2.0605e-03	2.0854e-03	2.1105e-03	2.1735e-03	2.3018e-03	2.4320e-03	2.5615e-03	2.6882e-03	2.8114e-03	3.0376e-03	3.1999e-03	3.3702e-03	3.5205e-03	3.7780e-03	3.9988e-03	4.2013e-03	4.5704e-03
1.766000e-01	2.0920e-03	2.1050e-03	2.1311e-03	2.1571e-03	2.2231e-03	2.3570e-03	2.4924e-03	2.6275e-03	2.7597e-03	2.8879e-03	3.1231e-03	3.2916e-03	3.4683e-03	3.6244e-03	3.8930e-03	4.1215e-03	4.3318e-03	4.7153e-03
1.864000e-01	2.1358e-03	2.1492e-03	2.1763e-03	2.2036e-03	2.2723e-03	2.4118e-03	2.5528e-03	2.6932e-03	2.8306e-03	2.9636e-03	3.2079e-03	3.3825e-03	3.5652e-03	3.7272e-03	4.0053e-03	4.2427e-03	4.4606e-03	4.8576e-03
1.962000e-01	2.1792e-03	2.1933e-03	2.2216e-03	2.2499e-03	2.3215e-03	2.4661e-03	2.6122e-03	2.7583e-03	2.9008e-03	3.0386e-03	3.2913e-03	3.4718e-03	3.6607e-03	3.8284e-03	4.1155e-03	4.3608e-03	4.5867e-03	4.9961e-03
2.060000e-01	2.2227e-03	2.2373e-03	2.2666e-03	2.2961e-03	2.3703e-03	2.5202e-03	2.6717e-03	2.8230e-03	2.9703e-03	3.1128e-03	3.3743e-03	3.5603e-03	3.7547e-03	3.9279e-03	4.2244e-03	4.4778e-03	4.7106e-03	5.1332e-03
2.158000e-01	2.2662e-03	2.2813e-03	2.3117e-03	2.3422e-03	2.4190e-03	2.5739e-03	2.7307e-03	2.8873e-03	3.0394e-03	3.1864e-03	3.4562e-03	3.6476e-03	3.8480e-03	4.0265e-03	4.3308e-03	4.5927e-03	4.8325e-03	5.2675e-03
2.256000e-01	2.3096e-03	2.3252e-03	2.3567e-03	2.3882e-03	2.4675e-03	2.6274e-03	2.7898e-03	2.9512e-03	3.1079e-03	3.2597e-03	3.5379e-03	3.7341e-03	3.9398e-03	4.1231e-03	4.4369e-03	4.7057e-03	4.9518e-03	5.4001e-03
2.354000e-01	2.3530e-03	2.3691e-03	2.4016e-03	2.4342e-03	2.5158e-03	2.6809e-03	2.8484e-03	3.0147e-03	3.1761e-03	3.3326e-03	3.6184e-03	3.8198e-03	4.0313e-03	4.2192e-03	4.5403e-03	4.8169e-03	5.0702e-03	5.5308e-03
2.452000e-01	2.3963e-03	2.4130e-03	2.4465e-03	2.4799e-03	2.5641e-03	2.7344e-03	2.9070e-03	3.0781e-03	3.2442e-03	3.4053e-03	3.6988e-03	3.9051e-03	4.1214e-03	4.3135e-03	4.6436e-03	4.9264e-03	5.1859e-03	5.6591e-03
2.550000e-01	2.4397e-03	2.4569e-03	2.4912e-03	2.5257e-03	2.6123e-03	2.7879e-03	2.9653e-03	3.1410e-03	3.3121e-03	3.4777e-03	3.7783e-03	3.9900e-03	4.2113e-03	4.4075e-03	4.7445e-03	5.0343e-03	5.3010e-03	5.7855e-03
2.648000e-01	2.4831e-03	2.5007e-03	2.5360e-03	2.5714e-03	2.6604e-03	2.8413e-03	3.0235e-03	3.2039e-03	3.3799e-03	3.5499e-03	3.8579e-03	4.0745e-03	4.3001e-03	4.5001e-03	4.8454e-03	5.1410e-03	5.4140e-03	5.9102e-03
2.746000e-01	2.5264e-03	2.5445e-03	2.5808e-03	2.6172e-03	2.7089e-03	2.8947e-03	3.0817e-03	3.2670e-03	3.4476e-03	3.6216e-03	3.9373e-03	4.1586e-03	4.3885e-03	4.5922e-03	4.9444e-03	5.2460e-03	5.5259e-03	6.0327e-03
2.844000e-01	2.5698e-03	2.5884e-03	2.6256e-03	2.6629e-03	2.7575e-03	2.9482e-03	3.1397e-03	3.3301e-03	3.5153e-03	3.6933e-03	4.0166e-03	4.2425e-03	4.4764e-03	4.6839e-03	5.0430e-03	5.3507e-03	5.6366e-03	6.1546e-03
2.942000e-01	2.6133e-03	2.6323e-03	2.6705e-03	2.7092e-03	2.8061e-03	3.0016e-03	3.1977e-03	3.3932e-03	3.5828e-03	3.7648e-03	4.0959e-03	4.3258e-03	4.5636e-03	4.7752e-03	5.1407e-03	5.4529e-03	5.7453e-03	6.2737e-03
3.040000e-01	2.6568e-03	2.6764e-03	2.7160e-03	2.7556e-03	2.8550e-03	3.0550e-03	3.2561e-03	3.4565e-03	3.6502e-03	3.8363e-03	4.1751e-03	4.4091e-03	4.6507e-03	4.8664e-03	5.2372e-03	5.5552e-03	5.8540e-03	6.3927e-03
3.138000e-01	2.7009e-03	2.7211e-03	2.7616e-03	2.8020e-03	2.9039e-03	3.1085e-03	3.3147e-03	3.5198e-03	3.7177e-03	3.9081e-03	4.2543e-03	4.4920e-03	4.7379e-03	4.9570e-03	5.3338e-03	5.6566e-03	5.9598e-03	6.5094e-03
3.236000e-01	2.7453e-03	2.7659e-03	2.8072e-03	2.8489e-03	2.9530e-03	3.1621e-03	3.3734e-03	3.5832e-03	3.7852e-03	3.9801e-03	4.3334e-03	4.5747e-03	4.8250e-03	5.0476e-03	5.4285e-03	5.7576e-03	6.0656e-03	6.6253e-03
3.334000e-01	2.7896e-03	2.8108e-03	2.8534e-03	2.8958e-03	3.0023e-03	3.2158e-03	3.4326e-03	3.6466e-03	3.8527e-03	4.0523e-03	4.4125e-03	4.6575e-03	4.9122e-03	5.1379e-03	5.5232e-03	5.8585e-03	6.1703e-03	6.7410e-03
3.432000e-01	2.8346e-03	2.8563e-03	2.8995e-03	2.9429e-03	3.0516e-03	3.2704e-03	3.4918e-03	3.7101e-03	3.9210e-03	4.1249e-03	4.4916e-03	4.7410e-03	4.9995e-03	5.2278e-03	5.6180e-03	5.9581e-03	6.2734e-03	6.8552e-03
3.530000e-01	2.8797e-03	2.9017e-03	2.9460e-03	2.9904e-03	3.1013e-03	3.3250e-03	3.5512e-03	3.7739e-03	3.9895e-03	4.1976e-03	4.5707e-03	4.8245e-03	5.0867e-03	5.3178e-03	5.7130e-03	6.0577e-03	6.3765e-03	6.9694e-03
3.628000e-01	2.9248e-03	2.9474e-03	2.9928e-03	3.0379e-03	3.1511e-03	3.3799e-03	3.6109e-03	3.8377e-03	4.0582e-03	4.2705e-03	4.6499e-03	4.9084e-03	5.1740e-03	5.4073e-03	5.8080e-03	6.1571e-03	6.4782e-03	7.0831e-03
3.726000e-01	2.9706e-03	2.9936e-03	3.0396e-03	3.0856e-03	3.2010e-03	3.4355e-03	3.6706e-03	3.9024e-03	4.1277e-03	4.3438e-03	4.7305e-03	4.9927e-03	5.2612e-03	5.4966e-03	5.9032e-03	6.2555e-03	6.5789e-03	7.1957e-03
3.824000e-01	3.0164e-03	3.0398e-03	3.0867e-03	3.1339e-03	3.2519e-03	3.4911e-03	3.7309e-03	3.9676e-03	4.1972e-03	4.4170e-03	4.8111e-03	5.0771e-03	5.3485e-03	5.5860e-03	5.9985e-03	6.3540e-03	6.6795e-03	7.3083e-03
3.922000e-01	3.0623e-03	3.0863e-03	3.1344e-03	3.1822e-03	3.3032e-03	3.5471e-03	3.7914e-03	4.0329e-03	4.2672e-03	4.4908e-03	4.8921e-03	5.1620e-03	5.4359e-03	5.6770e-03	6.0938e-03	6.4521e-03	6.7815e-03	7.4203e-03
4.020000e-01	3.1090e-03	3.1334e-03	3.1821e-03	3.2311e-03	3.3545e-03	3.6037e-03	3.8519e-03	4.0993e-03	4.3377e-03	4.5649e-03	4.9741e-03	5.2471e-03	5.5232e-03	5.7680e-03	6.1893e-03	6.5494e-03	6.8845e-03	7.5315e-03
4.118000e-01	3.1559e-03	3.1806e-03	3.2304e-03	3.2809e-03	3.4070e-03	3.6603e-03	3.9140e-03	4.1659e-03	4.4082e-03	4.6389e-03	5.0562e-03	5.3322e-03	5.6111e-03	5.8591e-03	6.2849e-03	6.6467e-03	6.9876e-03	7.6427e-03
4.216000e-01	3.2027e-03	3.2283e-03	3.2798e-03	3.3308e-03	3.4597e-03	3.7174e-03	3.9764e-03	4.2326e-03	4.4795e-03	4.7149e-03	5.1390e-03	5.4180e-03	5.7008e-03	5.9518e-03	6.3806e-03	6.7447e-03	7.0918e-03	7.7535e-03
4.314000e-01	3.2511e-03	3.2772e-03	3.3292e-03	3.3813e-03	3.5124e-03	3.7753e-03	4.0388e-03	4.3007e-03	4.5512e-03	4.7911e-03	5.2225e-03	5.5040e-03	5.7906e-03	6.0445e-03	6.4763e-03	6.8455e-03	7.1974e-03	7.8633e-03
4.412000e-01	3.2998e-03	3.3262e-03	3.3791e-03	3.4329e-03	3.5663e-03	3.8331e-03	4.1028e-03	4.3688e-03	4.6229e-03	4.8674e-03	5.3060e-03	5.5899e-03	5.8809e-03	6.1373e-03	6.5722e-03	6.9464e-03	7.3029e-03	7.9731e-03
4.510000e-01	3.3486e-03	3.3756e-03	3.4304e-03	3.4846e-03	3.6205e-03	3.8920e-03	4.1672e-03	4.4370e-03	4.6963e-03	4.9460e-03	5.3905e-03	5.6788e-03	5.9730e-03	6.2316e-03	6.6681e-03	7.0473e-03	7.4093e-03	8.0829e-03
4.608000e-01	3.3987e-03	3.4264e-03	3.4816e-03	3.5366e-03	3.6747e-03	3.9522e-03	4.2315e-03	4.5068e-03	4.7707e-03	5.0245e-03	5.4755e-03	5.7678e-03	6.0650e-03	6.3259e-03	6.7657e-03	7.1518e-03	7.5174e-03	8.1981e-03
4.706000e-01	3.4494e-03	3.4773e-03	3.5332e-03	3.5899e-03	3.7301e-03	4.0124e-03	4.2976e-03	4.5766e-03	4.8451e-03	5.1033e-03	5.5605e-03	5.8568e-03	6.1577e-03	6.4202e-03	6.8659e-03	7.2564e-03	7.6255e-03	8.3137e-03
4.804000e-01	3.5001e-03	3.5284e-03	3.5862e-03	3.6432e-03	3.7860e-03	4.0736e-03	4.3639e-03	4.6464e-03	4.9214e-03	5.1842e-03	5.6479e-03	5.9489e-03	6.2521e-03	6.5160e-03	6.9662e-03	7.3609e-03	7.7337e-03	8.4293e-03
4.902000e-01	3.5519e-03	3.5812e-03	3.6392e-03	3.6968e-03	3.8419e-03	4.1363e-03	4.4302e-03	4.7193e-03	4.9987e-03	5.2651e-03	5.7366e-03	6.0410e-03	6.3465e-03	6.6119e-03	7.0675e-03	7.4686e-03	7.8444e-03	8.5492e-03
5.000000e-01	3.6046e-03	3.6340e-03	3.6924e-03	3.7521e-03	3.8996e-03	4.1989e-03	4.4984e-03	4.7923e-03	5.0759e-03	5.3462e-03	5.8254e-03	6.1332e-03	6.4414e-03	6.7078e-03	7.1724e-03	7.5769e-03	7.9550e-03	8.6717e-03
5.098000e-01	3.6573e-03	3.6868e-03	3.7475e-03	3.8075e-03	3.9585e-03	4.2625e-03	4.5669e-03	4.8653e-03	5.1551e-03	5.4296e-03	5.9166e-03	6.2285e-03	6.5381e-03	6.8081e-03	7.2772e-03	7.6853e-03	8.0656e-03	8.7943e-03
5.196000e-01	3.7109e-03	3.7417e-03	3.8027e-03	3.8628e-03	4.0173e-03	4.3277e-03	4.6353e-03	4.9416e-03	5.2352e-03	5.5129e-03	6.0092e-03	6.3238e-03	6.6349e-03	6.9093e-03	7.3823e-03	7.7960e-03	8.1816e-03	8.9194e-03
5.294000e-01	3.7660e-03	3.7968e-03	3.8579e-03	3.9213e-03	4.0778e-03	4.3929e-03	4.7069e-03	5.0180e-03	5.3153e-03	5.5965e-03	6.1018e-03	6.4190e-03	6.7320e-03	7.0106e-03	7.4921e-03	7.9082e-03	8.2992e-03	9.0494e-03
5.392000e-01	3.8210e-03	3.8519e-03	3.9161e-03	3.9799e-03	4.1397e-03	4.4590e-03	4.7792e-03	5.0944e-03	5.3975e-03	5.6845e-03	6.1971e-03	6.5175e-03	6.8347e-03	7.1157e-03	7.6018e-03	8.0204e-03	8.4168e-03	9.1794e-03
5.490000e-01	3.8769e-03	3.9097e-03	3.9747e-03	4.0385e-03	4.2017e-03	4.5271e-03	4.8515e-03	5.1742e-03	5.4806e-03	5.7725e-03	6.2937e-03	6.6160e-03	6.9374e-03	7.2226e-03	7.7115e-03	8.1354e-03	8.5385e-03	9.3103e-03
5.588000e-01	3.9356e-03	3.9684e-03	4.0333e-03	4.1002e-03	4.2650e-03	4.5951e-03	4.9270e-03	5.2541e-03	5.5637e-03	5.8608e-03	6.3903e-03	6.7146e-03	7.0401e-03	7.3296e-03	7.8256e-03	8.2552e-03	8.6641e-03	9.4483e-03
5.686000e-01	3.9942e-03	4.0270e-03	4.0947e-03	4.1622e-03	4.3303e-03	4.6642e-03	5.0034e-03	5.3341e-03	5.6503e-03	5.9538e-03	6.4897e-03	6.8190e-03	7.1490e-03	7.4401e-03	7.9404e-03	8.3751e-03	8.7897e-03	9.5863e-03
5.784000e-01	4.0533e-03	4.0882e-03	4.1570e-03	4.2243e-03	4.3956e-03	4.7368e-03	5.0798e-03	5.4175e-03	5.7388e-03	6.0468e-03	6.5904e-03	6.9242e-03	7.2581e-03	7.5532e-03	8.0552e-03	8.4964e-03	8.9182e-03	9.7243e-03
5.882000e-01	4.1160e-03	4.1507e-03	4.2192e-03	4.2894e-03	4.4622e-03	4.8094e-03	5.1595e-03	5.5012e-03	5.8272e-03	6.1402e-03	6.6912e-03	7.0294e-03	7.3673e-03	7.6664e-03	8.1759e-03	8.6250e-03	9.0526e-03	9.8713e-03
5.980000e-01	4.1786e-03	4.2131e-03	4.2843e-03	4.3553e-03	4.5311e-03	4.8830e-03	5.2403e-03	5.5849e-03	5.9196e-03	6.2385e-03	6.7968e-03	7.1409e-03	7.4828e-03	7.7826e-03	8.2993e-03	8.7536e-03	9.1870e-03	1.0019e-02
6.078000e-01	4.2414e-03	4.2782e-03	4.3505e-03	4.4212e-03	4.6001e-03	4.9606e-03	5.3211e-03	5.6743e-03	6.0138e-03	6.3368e-03	6.9049e-03	7.2533e-03	7.5989e-03	7.9024e-03	8.4226e-03	8.8827e-03	9.3233e-03	1.0167e-02
6.176000e-01	4.3084e-03	4.3449e-03	4.4168e-03	4.4902e-03	4.6707e-03	5.0382e-03	5.4056e-03	5.7641e-03	6.1080e-03	6.4358e-03	7.0131e-03	7.3658e-03	7.7150e-03	8.0221e-03	8.5517e-03	9.0210e-03	9.4673e-03	1.0324e-02
6.274000e-01	4.3753e-03	4.4116e-03	4.4860e-03	4.5603e-03	4.7451e-03	5.1172e-03	5.4911e-03	5.8539e-03	6.2068e-03	6.5398e-03	7.1271e-03	7.4855e-03	7.8380e-03	8.1459e-03	8.6849e-03	9.1592e-03	9.6114e-03	1.0483e-02
6.372000e-01	4.4426e-03	4.4811e-03	4.5567e-03	4.6304e-03	4.8195e-03	5.2002e-03	5.5766e-03	5.9504e-03	6.3073e-03	6.6437e-03	7.2434e-03	7.6060e-03	7.9617e-03	8.2755e-03	8.8181e-03	9.2977e-03	9.7571e-03	1.0641e-02
6.470000e-01	4.5143e-03	4.5525e-03	4.6274e-03	4.7049e-03	4.8961e-03	5.2833e-03	5.6679e-03	6.0469e-03	6.4078e-03	6.7495e-03	7.3598e-03	7.7265e-03	8.0854e-03	8.4051e-03	8.9577e-03	9.4466e-03	9.9127e-03	1.0810e-02
6.568000e-01	4.5861e-03	4.6239e-03	4.7025e-03	4.7809e-03	4.9766e-03	5.3684e-03	5.7605e-03	6.1444e-03	6.5140e-03	6.8622e-03	7.4839e-03	7.8557e-03	8.2192e-03	8.5400e-03	9.1019e-03	9.5955e-03	1.0068e-02	1.0981e-02
6.666000e-01	4.6588e-03	4.6995e-03	4.7793e-03	4.8569e-03	5.0571e-03	5.4575e-03	5.8531e-03	6.2484e-03	6.6213e-03	6.9750e-03	7.6093e-03	7.9849e-03	8.3536e-03	8.6809e-03	9.2461e-03	9.7453e-03	1.0227e-02	1.1153e-02
6.764000e-01	4.7370e-03	4.7773e-03	4.8561e-03	4.9388e-03	5.1410e-03	5.5466e-03	5.9534e-03	6.3524e-03	6.7288e-03	7.0915e-03	7.7355e-03	8.1162e-03	8.4892e-03	8.8218e-03	9.3986e-03	9.9072e-03	1.0396e-02	1.1335e-02
6.862000e-01	4.8153e-03	4.8550e-03	4.9389e-03	5.0215e-03	5.2283e-03	5.6398e-03	6.0539e-03	6.4592e-03	6.8458e-03	7.2142e-03	7.8711e-03	8.2572e-03	8.6360e-03	8.9708e-03	9.5552e-03	1.0069e-02	1.0565e-02	1.1520e-02
6.960000e-01	4.8960e-03	4.9388e-03	5.0227e-03	5.1049e-03	5.3156e-03	5.7371e-03	6.1564e-03	6.5715e-03	6.9628e-03	7.3368e-03	8.0067e-03	8.3982e-03	8.7827e-03	9.1247e-03	9.7117e-03	1.0235e-02	1.0739e-02	1.1705e-02
7.058000e-01	4.9816e-03	5.0239e-03	5.1074e-03	5.1952e-03	5.4086e-03	5.8344e-03	6.2658e-03	6.6838e-03	7.0831e-03	7.4670e-03	8.1471e-03	8.5454e-03	8.9347e-03	9.2785e-03	9.8810e-03	1.0412e-02	1.0924e-02	1.1907e-02
7.156000e-01	5.0673e-03	5.1100e-03	5.1992e-03	5.2856e-03	5.5036e-03	5.9390e-03	6.3753e-03	6.8029e-03	7.2112e-03	7.6009e-03	8.2957e-03	8.7001e-03	9.0956e-03	9.4456e-03	1.0052e-02	1.0590e-02	1.1108e-02	1.2110e-02
7.254000e-01	5.1585e-03	5.2033e-03	5.2910e-03	5.3795e-03	5.5994e-03	6.0456e-03	6.4905e-03	6.9262e-03	7.3393e-03	7.7356e-03	8.4442e-03	8.8547e-03	9.2565e-03	9.6142e-03	1.0227e-02	1.0776e-02	1.1303e-02	1.2317e-02
7.352000e-01	5.2526e-03	5.2967e-03	5.3871e-03	5.4785e-03	5.7040e-03	6.1542e-03	6.6101e-03	7.0499e-03	7.4764e-03	7.8824e-03	8.6048e-03	9.0230e-03	9.4299e-03	9.7877e-03	1.0416e-02	1.0971e-02	1.1505e-02	1.2540e-02
7.450000e-01	5.3476e-03	5.3953e-03	5.4880e-03	5.5776e-03	5.8086e-03	6.2716e-03	6.7302e-03	7.1857e-03	7.6172e-03	8.0292e-03	8.7684e-03	9.1934e-03	9.6071e-03	9.9734e-03	1.0605e-02	1.1166e-02	1.1707e-02	1.2764e-02
7.548000e-01	5.4516e-03	5.4982e-03	5.5889e-03	5.6857e-03	5.9193e-03	6.3890e-03	6.8623e-03	7.3215e-03	7.7615e-03	8.1848e-03	8.9382e-03	9.3713e-03	9.7897e-03	1.0159e-02	1.0807e-02	1.1380e-02	1.1930e-02	1.3002e-02
7.646000e-01	5.5556e-03	5.6022e-03	5.7004e-03	5.7952e-03	6.0351e-03	6.5154e-03	6.9944e-03	7.4661e-03	7.9172e-03	8.3469e-03	9.1195e-03	9.5601e-03	9.9856e-03	1.0361e-02	1.1016e-02	1.1596e-02	1.2154e-02	1.3250e-02
7.744000e-01	5.6671e-03	5.7163e-03	5.8122e-03	5.9102e-03	6.1529e-03	6.6453e-03	7.1356e-03	7.6166e-03	8.0729e-03	8.5129e-03	9.3014e-03	9.7504e-03	1.0181e-02	1.0567e-02	1.1231e-02	1.1823e-02	1.2390e-02	1.3503e-02
7.842000e-01	5.7826e-03	5.8305e-03	5.9317e-03	6.0320e-03	6.2818e-03	6.7808e-03	7.2823e-03	7.7719e-03	8.2437e-03	8.6931e-03	9.5034e-03	9.9598e-03	1.0398e-02	1.0785e-02	1.1464e-02	1.2063e-02	1.2640e-02	1.3780e-02
7.940000e-01	5.9031e-03	5.9551e-03	6.0562e-03	6.1563e-03	6.4107e-03	6.9253e-03	7.4351e-03	7.9398e-03	8.4166e-03	8.8733e-03	9.7055e-03	1.0169e-02	1.0616e-02	1.1015e-02	1.1698e-02	1.2308e-02	1.2896e-02	1.4056e-02
8.038000e-01	6.0321e-03	6.0826e-03	6.1867e-03	6.2926e-03	6.5537e-03	7.0729e-03	7.5992e-03	8.1096e-03	8.6031e-03	9.0748e-03	9.9272e-03	1.0400e-02	1.0854e-02	1.1253e-02	1.1958e-02	1.2577e-02	1.3177e-02	1.4363e-02
8.136000e-01	6.1648e-03	6.2198e-03	6.3264e-03	6.4299e-03	6.6982e-03	7.2348e-03	7.7680e-03	8.2972e-03	8.7964e-03	9.2766e-03	1.0152e-02	1.0634e-02	1.1098e-02	1.1512e-02	1.2219e-02	1.2847e-02	1.3460e-02	1.4674e-02
8.234000e-01	6.3102e-03	6.3632e-03	6.4720e-03	6.5838e-03	6.8568e-03	7.3992e-03	7.9529e-03	8.4861e-03	9.0042e-03	9.5019e-03	1.0399e-02	1.0893e-02	1.1364e-02	1.1779e-02	1.2508e-02	1.3152e-02	1.3780e-02	1.5014e-02
8.332000e-01	6.4602e-03	6.5181e-03	6.6303e-03	6.7392e-03	7.0188e-03	7.5820e-03	8.1436e-03	8.6972e-03	9.2221e-03	9.7296e-03	1.0652e-02	1.1156e-02	1.1641e-02	1.2070e-02	1.2803e-02	1.3459e-02	1.4102e-02	1.5365e-02
8.430000e-01	6.6256e-03	6.6810e-03	6.7964e-03	6.9124e-03	7.1984e-03	7.7703e-03	8.3515e-03	8.9129e-03	9.4600e-03	9.9849e-03	1.0935e-02	1.1453e-02	1.1944e-02	1.2374e-02	1.3132e-02	1.3808e-02	1.4466e-02	1.5754e-02
8.528000e-01	6.7993e-03	6.8591e-03	6.9747e-03	7.0912e-03	7.3820e-03	7.9790e-03	8.5708e-03	9.1527e-03	9.7080e-03	1.0247e-02	1.1226e-02	1.1758e-02	1.2256e-02	1.2704e-02	1.3470e-02	1.4168e-02	1.4839e-02	1.6155e-02
8.626000e-01	6.9861e-03	7.0429e-03	7.1679e-03	7.2878e-03	7.5910e-03	8.2003e-03	8.8066e-03	9.4072e-03	9.9847e-03	1.0537e-02	1.1553e-02	1.2096e-02	1.2608e-02	1.3061e-02	1.3857e-02	1.4566e-02	1.5251e-02	1.6615e-02
8.724000e-01	7.1908e-03	7.2521e-03	7.3706e-03	7.5002e-03	7.8115e-03	8.4364e-03	9.0668e-03	9.6829e-03	1.0275e-02	1.0849e-02	1.1902e-02	1.2459e-02	1.2980e-02	1.3438e-02	1.4265e-02	1.4994e-02	1.5696e-02	1.7099e-02
8.822000e-01	7.4077e-03	7.4743e-03	7.6029e-03	7.7259e-03	8.0532e-03	8.7007e-03	9.3440e-03	9.9892e-03	1.0594e-02	1.1182e-02	1.2274e-02	1.2844e-02	1.3385e-02	1.3874e-02	1.4707e-02	1.5447e-02	1.6172e-02	1.7631e-02
8.920000e-01	7.6533e-03	7.7157e-03	7.8546e-03	7.9887e-03	8.3231e-03	8.9852e-03	9.6581e-03	1.0318e-02	1.0950e-02	1.1568e-02	1.2697e-02	1.3287e-02	1.3847e-02	1.4344e-02	1.5205e-02	1.5971e-02	1.6725e-02	1.8222e-02
9.018000e-01	7.9288e-03	7.9966e-03	8.1322e-03	8.2743e-03	8.6168e-03	9.2976e-03	1.0006e-02	1.0678e-02	1.1343e-02	1.1990e-02	1.3162e-02	1.3777e-02	1.4354e-02	1.4859e-02	1.5750e-02	1.6549e-02	1.7331e-02	1.8867e-02
9.116000e-01	8.2351e-03	8.3064e-03	8.4436e-03	8.5898e-03	8.9427e-03	9.6643e-03	1.0391e-02	1.1095e-02	1.1785e-02	1.2457e-02	1.3685e-02	1.4327e-02	1.4918e-02	1.5434e-02	1.6362e-02	1.7198e-02	1.8004e-02	1.9589e-02
9.214000e-01	8.5792e-03	8.6541e-03	8.7984e-03	8.9463e-03	9.3147e-03	1.0075e-02	1.0826e-02	1.1572e-02	1.2284e-02	1.2985e-02	1.4285e-02	1.4949e-02	1.5556e-02	1.6099e-02	1.7068e-02	1.7933e-02	1.8764e-02	2.0421e-02
9.312000e-01	8.9756e-03	9.0547e-03	9.2067e-03	9.3625e-03	9.7560e-03	1.0544e-02	1.1335e-02	1.2120e-02	1.2860e-02	1.3602e-02	1.4977e-02	1.5665e-02	1.6300e-02	1.6876e-02	1.7885e-02	1.8778e-02	1.9648e-02	2.1387e-02
9.410000e-01	9.4499e-03	9.5335e-03	9.6940e-03	9.8642e-03	1.0273e-02	1.1095e-02	1.1944e-02	1.2758e-02	1.3549e-02	1.4344e-02	1.5790e-02	1.6520e-02	1.7198e-02	1.7791e-02	1.8843e-02	1.9784e-02	2.0709e-02	2.2519e-02
9.508000e-01	1.0029e-02	1.0113e-02	1.0286e-02	1.0463e-02	1.0897e-02	1.1779e-02	1.2671e-02	1.3536e-02	1.4401e-02	1.5232e-02	1.6782e-02	1.7563e-02	1.8275e-02	1.8902e-02	2.0012e-02	2.1014e-02	2.1981e-02	2.3898e-02
9.606000e-01	1.0743e-02	1.0840e-02	1.1025e-02	1.1205e-02	1.1684e-02	1.2640e-02	1.3586e-02	1.4544e-02	1.5441e-02	1.6348e-02	1.8050e-02	1.8868e-02	1.9614e-02	2.0291e-02	2.1480e-02	2.2532e-02	2.3554e-02	2.5620e-02
9.704000e-01	1.1715e-02	1.1825e-02	1.2034e-02	1.2232e-02	1.2746e-02	1.3786e-02	1.4835e-02	1.5868e-02	1.6868e-02	1.7872e-02	1.9722e-02	2.0626e-02	2.1437e-02	2.2162e-02	2.3404e-02	2.4555e-02	2.5680e-02	2.7892e-02
9.802000e-01	1.3162e-02	1.3273e-02	1.3491e-02	1.3740e-02	1.4330e-02	1.5483e-02	1.6678e-02	1.7851e-02	1.8987e-02	2.0114e-02	2.2220e-02	2.3201e-02	2.4099e-02	2.4895e-02	2.6291e-02	2.7530e-02	2.8749e-02	3.1187e-02
9.900000e-01	1.5831e-02	1.5966e-02	1.6228e-02	1.6530e-02	1.7245e-02	1.8647e-02	2.0090e-02	2.1518e-02	2.2889e-02	2.4247e-02	2.6776e-02	2.7897e-02	2.8900e-02	2.9772e-02	3.1327e-02	3.2694e-02	3.4046e-02	3.6901e-02
9.900503e-01	1.5852e-02	1.5986e-02	1.6252e-02	1.6553e-02	1.7269e-02	1.8673e-02	2.0116e-02	2.1548e-02	2.2919e-02	2.4277e-02	2.6808e-02	2.7930e-02	2.8936e-02	2.9812e-02	3.1367e-02	3.2734e-02	3.4089e-02	3.6942e-02
9.901005e-01	1.5872e-02	1.6006e-02	1.6275e-02	1.6575e-02	1.7292e-02	1.8700e-02	2.0142e-02	2.1578e-02	2.2949e-02	2.4308e-02	2.6840e-02	2.7964e-02	2.8973e-02	2.9852e-02	3.1406e-02	3.2774e-02	3.4132e-02	3.6982e-02
9.901508e-01	1.5892e-02	1.6025e-02	1.6299e-02	1.6597e-02	1.7316e-02	1.8726e-02	2.0168e-02	2.1608e-02	2.2979e-02	2.4339e-02	2.6872e-02	2.7997e-02	2.9009e-02	2.9893e-02	3.1445e-02	3.2815e-02	3.4175e-02	3.7023e-02
9.902010e-01	1.5913e-02	1.6045e-02	1.6323e-02	1.6619e-02	1.7340e-02	1.8753e-02	2.0194e-02	2.1639e-02	2.3009e-02	2.4370e-02	2.6904e-02	2.8030e-02	2.9046e-02	2.9933e-02	3.1484e-02	3.2855e-02	3.4218e-02	3.7063e-02
9.902513e-01	1.5933e-02	1.6065e-02	1.6346e-02	1.6642e-02	1.7363e-02	1.8779e-02	2.0220e-02	2.1669e-02	2.3038e-02	2.4400e-02	2.6943e-02	2.8064e-02	2.9082e-02	2.9973e-02	3.1524e-02	3.2896e-02	3.4261e-02	3.7104e-02
9.903015e-01	1.5954e-02	1.6085e-02	1.6370e-02	1.6664e-02	1.7387e-02	1.8805e-02	2.0245e-02	2.1699e-02	2.3068e-02	2.4431e-02	2.6982e-02	2.8097e-02	2.9119e-02	3.0013e-02	3.1563e-02	3.2936e-02	3.4304e-02	3.7144e-02
9.903518e-01	1.5974e-02	1.6105e-02	1.6394e-02	1.6686e-02	1.7411e-02	1.8832e-02	2.0271e-02	2.1729e-02	2.3098e-02	2.4462e-02	2.7021e-02	2.8131e-02	2.9156e-02	3.0053e-02	3.1602e-02	3.2976e-02	3.4347e-02	3.7187e-02
9.904020e-01	1.5994e-02	1.6124e-02	1.6418e-02	1.6709e-02	1.7434e-02	1.8858e-02	2.0297e-02	2.1759e-02	2.3128e-02	2.4493e-02	2.7060e-02	2.8164e-02	2.9192e-02	3.0093e-02	3.1641e-02	3.3017e-02	3.4390e-02	3.7236e-02
9.904523e-01	1.6015e-02	1.6144e-02	1.6441e-02	1.6731e-02	1.7458e-02	1.8885e-02	2.0323e-02	2.1789e-02	2.3158e-02	2.4523e-02	2.7099e-02	2.8204e-02	2.9229e-02	3.0134e-02	3.1680e-02	3.3057e-02	3.4433e-02	3.7284e-02
9.905025e-01	1.6035e-02	1.6164e-02	1.6465e-02	1.6753e-02	1.7481e-02	1.8911e-02	2.0349e-02	2.1819e-02	2.3187e-02	2.4561e-02	2.7138e-02	2.8246e-02	2.9265e-02	3.0174e-02	3.1720e-02	3.3097e-02	3.4476e-02	3.7333e-02
9.905528e-01	1.6055e-02	1.6184e-02	1.6489e-02	1.6776e-02	1.7505e-02	1.8938e-02	2.0375e-02	2.1849e-02	2.3217e-02	2.4598e-02	2.7177e-02	2.8287e-02	2.9302e-02	3.0214e-02	3.1759e-02	3.3138e-02	3.4519e-02	3.7381e-02
9.906030e-01	1.6076e-02	1.6209e-02	1.6512e-02	1.6798e-02	1.7529e-02	1.8964e-02	2.0404e-02	2.1879e-02	2.3247e-02	2.4636e-02	2.7216e-02	2.8329e-02	2.9338e-02	3.0254e-02	3.1798e-02	3.3178e-02	3.4563e-02	3.7430e-02
9.906533e-01	1.6096e-02	1.6235e-02	1.6536e-02	1.6820e-02	1.7552e-02	1.8990e-02	2.0436e-02	2.1909e-02	2.3277e-02	2.4674e-02	2.7255e-02	2.8371e-02	2.9375e-02	3.0294e-02	3.1837e-02	3.3218e-02	3.4606e-02	3.7478e-02
9.907035e-01	1.6117e-02	1.6260e-02	1.6560e-02	1.6843e-02	1.7576e-02	1.9017e-02	2.0468e-02	2.1939e-02	2.3306e-02	2.4712e-02	2.7293e-02	2.8413e-02	2.9411e-02	3.0334e-02	3.1877e-02	3.3259e-02	3.4649e-02	3.7527e-02
9.907538e-01	1.6137e-02	1.6285e-02	1.6584e-02	1.6865e-02	1.7599e-02	1.9043e-02	2.0500e-02	2.1969e-02	2.3336e-02	2.4750e-02	2.7332e-02	2.8455e-02	2.9448e-02	3.0374e-02	3.1916e-02	3.3299e-02	3.4692e-02	3.7575e-02
9.908040e-01	1.6157e-02	1.6310e-02	1.6607e-02	1.6887e-02	1.7623e-02	1.9070e-02	2.0532e-02	2.2000e-02	2.3366e-02	2.4788e-02	2.7371e-02	2.8497e-02	2.9484e-02	3.0415e-02	3.1955e-02	3.3340e-02	3.4735e-02	3.7624e-02
9.908543e-01	1.6178e-02	1.6335e-02	1.6631e-02	1.6910e-02	1.7647e-02	1.9096e-02	2.0564e-02	2.2030e-02	2.3396e-02	2.4826e-02	2.7410e-02	2.8539e-02	2.9525e-02	3.0455e-02	3.1994e-02	3.3380e-02	3.4778e-02	3.7672e-02
9.909045e-01	1.6203e-02	1.6361e-02	1.6655e-02	1.6932e-02	1.7670e-02	1.9123e-02	2.0596e-02	2.2060e-02	2.3427e-02	2.4863e-02	2.7449e-02	2.8581e-02	2.9570e-02	3.0495e-02	3.2034e-02	3.3420e-02	3.4821e-02	3.7721e-02
9.909548e-01	1.6229e-02	1.6386e-02	1.6678e-02	1.6956e-02	1.7694e-02	1.9149e-02	2.0628e-02	2.2090e-02	2.3465e-02	2.4901e-02	2.7488e-02	2.8622e-02	2.9615e-02	3.0535e-02	3.2073e-02	3.3461e-02	3.4864e-02	3.7769e-02
9.910050e-01	1.6255e-02	1.6411e-02	1.6702e-02	1.6983e-02	1.7717e-02	1.9175e-02	2.0659e-02	2.2120e-02	2.3502e-02	2.4939e-02	2.7527e-02	2.8664e-02	2.9661e-02	3.0575e-02	3.2112e-02	3.3501e-02	3.4907e-02	3.7818e-02
9.910553e-01	1.6281e-02	1.6436e-02	1.6726e-02	1.7011e-02	1.7741e-02	1.9202e-02	2.0691e-02	2.2150e-02	2.3540e-02	2.4977e-02	2.7566e-02	2.8706e-02	2.9706e-02	3.0615e-02	3.2151e-02	3.3541e-02	3.4950e-02	3.7867e-02
9.911055e-01	1.6307e-02	1.6461e-02	1.6749e-02	1.7038e-02	1.7768e-02	1.9228e-02	2.0723e-02	2.2180e-02	2.3578e-02	2.5015e-02	2.7605e-02	2.8748e-02	2.9751e-02	3.0656e-02	3.2191e-02	3.3582e-02	3.4993e-02	3.7915e-02
9.911558e-01	1.6333e-02	1.6487e-02	1.6773e-02	1.7065e-02	1.7796e-02	1.9255e-02	2.0755e-02	2.2210e-02	2.3615e-02	2.5053e-02	2.7644e-02	2.8790e-02	2.9796e-02	3.0696e-02	3.2230e-02	3.3622e-02	3.5036e-02	3.7964e-02
9.912060e-01	1.6359e-02	1.6512e-02	1.6797e-02	1.7093e-02	1.7824e-02	1.9281e-02	2.0787e-02	2.2240e-02	2.3653e-02	2.5091e-02	2.7683e-02	2.8832e-02	2.9842e-02	3.0736e-02	3.2269e-02	3.3663e-02	3.5079e-02	3.8012e-02
9.912563e-01	1.6385e-02	1.6537e-02	1.6821e-02	1.7120e-02	1.7853e-02	1.9308e-02	2.0819e-02	2.2270e-02	2.3690e-02	2.5128e-02	2.7721e-02	2.8874e-02	2.9887e-02	3.0776e-02	3.2308e-02	3.3703e-02	3.5122e-02	3.8061e-02
9.913065e-01	1.6411e-02	1.6562e-02	1.6844e-02	1.7147e-02	1.7881e-02	1.9334e-02	2.0851e-02	2.2300e-02	2.3728e-02	2.5166e-02	2.7760e-02	2.8916e-02	2.9932e-02	3.0816e-02	3.2348e-02	3.3743e-02	3.5165e-02	3.8109e-02
9.913568e-01	1.6437e-02	1.6587e-02	1.6868e-02	1.7175e-02	1.7909e-02	1.9360e-02	2.0883e-02	2.2331e-02	2.3766e-02	2.5204e-02	2.7799e-02	2.8957e-02	2.9978e-02	3.0856e-02	3.2392e-02	3.3784e-02	3.5208e-02	3.8158e-02
9.914070e-01	1.6463e-02	1.6613e-02	1.6892e-02	1.7202e-02	1.7938e-02	1.9387e-02	2.0914e-02	2.2361e-02	2.3803e-02	2.5242e-02	2.7838e-02	2.8999e-02	3.0023e-02	3.0897e-02	3.2441e-02	3.3824e-02	3.5251e-02	3.8206e-02
9.914573e-01	1.6489e-02	1.6638e-02	1.6915e-02	1.7229e-02	1.7966e-02	1.9413e-02	2.0946e-02	2.2397e-02	2.3841e-02	2.5280e-02	2.7877e-02	2.9041e-02	3.0068e-02	3.0944e-02	3.2489e-02	3.3864e-02	3.5294e-02	3.8255e-02
9.915075e-01	1.6515e-02	1.6663e-02	1.6939e-02	1.7257e-02	1.7994e-02	1.9440e-02	2.0978e-02	2.2434e-02	2.3878e-02	2.5318e-02	2.7916e-02	2.9083e-02	3.0113e-02	3.0992e-02	3.2537e-02	3.3908e-02	3.5337e-02	3.8303e-02
9.915578e-01	1.6541e-02	1.6688e-02	1.6967e-02	1.7284e-02	1.8023e-02	1.9466e-02	2.1010e-02	2.2471e-02	2.3916e-02	2.5356e-02	2.7955e-02	2.9125e-02	3.0159e-02	3.1040e-02	3.2585e-02	3.3959e-02	3.5380e-02	3.8352e-02
9.916080e-01	1.6567e-02	1.6713e-02	1.6996e-02	1.7311e-02	1.8051e-02	1.9500e-02	2.1042e-02	2.2508e-02	2.3953e-02	2.5393e-02	2.7994e-02	2.9167e-02	3.0204e-02	3.1088e-02	3.2633e-02	3.4010e-02	3.5423e-02	3.8400e-02
9.916583e-01	1.6593e-02	1.6739e-02	1.7025e-02	1.7339e-02	1.8079e-02	1.9533e-02	2.1074e-02	2.2545e-02	2.3991e-02	2.5431e-02	2.8033e-02	2.9209e-02	3.0249e-02	3.1136e-02	3.2681e-02	3.4062e-02	3.5466e-02	3.8449e-02
9.917085e-01	1.6619e-02	1.6764e-02	1.7054e-02	1.7366e-02	1.8108e-02	1.9567e-02	2.1106e-02	2.2582e-02	2.4029e-02	2.5469e-02	2.8072e-02	2.9251e-02	3.0295e-02	3.1184e-02	3.2730e-02	3.4113e-02	3.5513e-02	3.8497e-02
9.917588e-01	1.6645e-02	1.6789e-02	1.7083e-02	1.7394e-02	1.8136e-02	1.9601e-02	2.1138e-02	2.2619e-02	2.4066e-02	2.5507e-02	2.8111e-02	2.9292e-02	3.0340e-02	3.1232e-02	3.2778e-02	3.4164e-02	3.5567e-02	3.8546e-02
9.918090e-01	1.6671e-02	1.6814e-02	1.7112e-02	1.7421e-02	1.8164e-02	1.9635e-02	2.1170e-02	2.2656e-02	2.4104e-02	2.5545e-02	2.8150e-02	2.9334e-02	3.0385e-02	3.1280e-02	3.2826e-02	3.4215e-02	3.5621e-02	3.8594e-02
9.918593e-01	1.6697e-02	1.6839e-02	1.7141e-02	1.7448e-02	1.8193e-02	1.9668e-02	2.1201e-02	2.2693e-02	2.4141e-02	2.5583e-02	2.8193e-02	2.9376e-02	3.0430e-02	3.1329e-02	3.2874e-02	3.4266e-02	3.5675e-02	3.8643e-02
9.919095e-01	1.6723e-02	1.6865e-02	1.7170e-02	1.7476e-02	1.8221e-02	1.9702e-02	2.1233e-02	2.2730e-02	2.4179e-02	2.5621e-02	2.8242e-02	2.9418e-02	3.0476e-02	3.1377e-02	3.2922e-02	3.4317e-02	3.5729e-02	3.8691e-02
9.919598e-01	1.6749e-02	1.6890e-02	1.7200e-02	1.7503e-02	1.8249e-02	1.9736e-02	2.1265e-02	2.2767e-02	2.4217e-02	2.5658e-02	2.8291e-02	2.9460e-02	3.0521e-02	3.1425e-02	3.2971e-02	3.4368e-02	3.5783e-02	3.8740e-02
9.920101e-01	1.6775e-02	1.6915e-02	1.7229e-02	1.7530e-02	1.8278e-02	1.9769e-02	2.1297e-02	2.2804e-02	2.4254e-02	2.5698e-02	2.8340e-02	2.9502e-02	3.0566e-02	3.1473e-02	3.3019e-02	3.4419e-02	3.5837e-02	3.8789e-02
9.920603e-01	1.6801e-02	1.6940e-02	1.7258e-02	1.7558e-02	1.8306e-02	1.9803e-02	2.1329e-02	2.2841e-02	2.4292e-02	2.5744e-02	2.8389e-02	2.9553e-02	3.0611e-02	3.1521e-02	3.3067e-02	3.4470e-02	3.5891e-02	3.8837e-02
9.921106e-01	1.6827e-02	1.6970e-02	1.7287e-02	1.7585e-02	1.8334e-02	1.9837e-02	2.1363e-02	2.2878e-02	2.4329e-02	2.5789e-02	2.8438e-02	2.9605e-02	3.0657e-02	3.1569e-02	3.3115e-02	3.4522e-02	3.5946e-02	3.8886e-02
9.921608e-01	1.6853e-02	1.7001e-02	1.7316e-02	1.7612e-02	1.8363e-02	1.9870e-02	2.1401e-02	2.2915e-02	2.4367e-02	2.5834e-02	2.8487e-02	2.9657e-02	3.0702e-02	3.1617e-02	3.3163e-02	3.4573e-02	3.6000e-02	3.8935e-02
9.922111e-01	1.6879e-02	1.7032e-02	1.7345e-02	1.7640e-02	1.8391e-02	1.9904e-02	2.1439e-02	2.2952e-02	2.4405e-02	2.5880e-02	2.8536e-02	2.9709e-02	3.0747e-02	3.1665e-02	3.3211e-02	3.4624e-02	3.6054e-02	3.8995e-02
9.922613e-01	1.6905e-02	1.7063e-02	1.7374e-02	1.7667e-02	1.8419e-02	1.9938e-02	2.1477e-02	2.2989e-02	2.4442e-02	2.5925e-02	2.8585e-02	2.9762e-02	3.0793e-02	3.1713e-02	3.3260e-02	3.4675e-02	3.6108e-02	3.9055e-02
9.923116e-01	1.6931e-02	1.7094e-02	1.7404e-02	1.7694e-02	1.8448e-02	1.9972e-02	2.1516e-02	2.3026e-02	2.4480e-02	2.5970e-02	2.8634e-02	2.9814e-02	3.0838e-02	3.1761e-02	3.3308e-02	3.4726e-02	3.6162e-02	3.9114e-02
9.923618e-01	1.6959e-02	1.7125e-02	1.7433e-02	1.7722e-02	1.8476e-02	2.0005e-02	2.1554e-02	2.3062e-02	2.4517e-02	2.6015e-02	2.8683e-02	2.9866e-02	3.0883e-02	3.1810e-02	3.3356e-02	3.4777e-02	3.6216e-02	3.9174e-02
9.924121e-01	1.6992e-02	1.7156e-02	1.7462e-02	1.7749e-02	1.8504e-02	2.0039e-02	2.1592e-02	2.3099e-02	2.4562e-02	2.6061e-02	2.8732e-02	2.9918e-02	3.0934e-02	3.1858e-02	3.3404e-02	3.4828e-02	3.6270e-02	3.9234e-02
9.924623e-01	1.7024e-02	1.7187e-02	1.7491e-02	1.7782e-02	1.8533e-02	2.0073e-02	2.1630e-02	2.3136e-02	2.4608e-02	2.6106e-02	2.8781e-02	2.9970e-02	3.0988e-02	3.1906e-02	3.3452e-02	3.4879e-02	3.6324e-02	3.9294e-02
9.925126e-01	1.7056e-02	1.7218e-02	1.7520e-02	1.7815e-02	1.8561e-02	2.0106e-02	2.1669e-02	2.3173e-02	2.4655e-02	2.6151e-02	2.8830e-02	3.0022e-02	3.1043e-02	3.1954e-02	3.3500e-02	3.4930e-02	3.6378e-02	3.9354e-02
9.925628e-01	1.7088e-02	1.7249e-02	1.7549e-02	1.7848e-02	1.8589e-02	2.0140e-02	2.1707e-02	2.3210e-02	2.4702e-02	2.6197e-02	2.8879e-02	3.0074e-02	3.1097e-02	3.2002e-02	3.3549e-02	3.4982e-02	3.6432e-02	3.9414e-02
9.926131e-01	1.7120e-02	1.7280e-02	1.7578e-02	1.7881e-02	1.8625e-02	2.0174e-02	2.1745e-02	2.3247e-02	2.4748e-02	2.6242e-02	2.8928e-02	3.0126e-02	3.1151e-02	3.2050e-02	3.3597e-02	3.5033e-02	3.6486e-02	3.9474e-02
9.926633e-01	1.7152e-02	1.7311e-02	1.7608e-02	1.7914e-02	1.8660e-02	2.0208e-02	2.1783e-02	2.3284e-02	2.4795e-02	2.6287e-02	2.8977e-02	3.0178e-02	3.1206e-02	3.2098e-02	3.3645e-02	3.5084e-02	3.6540e-02	3.9534e-02
9.927136e-01	1.7184e-02	1.7342e-02	1.7637e-02	1.7947e-02	1.8695e-02	2.0241e-02	2.1822e-02	2.3321e-02	2.4842e-02	2.6333e-02	2.9026e-02	3.0230e-02	3.1260e-02	3.2146e-02	3.3693e-02	3.5135e-02	3.6594e-02	3.9594e-02
9.927638e-01	1.7216e-02	1.7373e-02	1.7666e-02	1.7980e-02	1.8730e-02	2.0275e-02	2.1860e-02	2.3358e-02	2.4888e-02	2.6378e-02	2.9075e-02	3.0282e-02	3.1314e-02	3.2194e-02	3.3741e-02	3.5186e-02	3.6648e-02	3.9653e-02
9.928141e-01	1.7248e-02	1.7404e-02	1.7695e-02	1.8013e-02	1.8765e-02	2.0309e-02	2.1898e-02	2.3395e-02	2.4935e-02	2.6423e-02	2.9124e-02	3.0335e-02	3.1369e-02	3.2243e-02	3.3790e-02	3.5237e-02	3.6702e-02	3.9713e-02
9.928643e-01	1.7280e-02	1.7435e-02	1.7724e-02	1.8046e-02	1.8800e-02	2.0342e-02	2.1936e-02	2.3436e-02	2.4982e-02	2.6468e-02	2.9173e-02	3.0387e-02	3.1423e-02	3.2291e-02	3.3838e-02	3.5288e-02	3.6756e-02	3.9773e-02
9.929146e-01	1.7312e-02	1.7466e-02	1.7754e-02	1.8079e-02	1.8835e-02	2.0376e-02	2.1975e-02	2.3483e-02	2.5028e-02	2.6514e-02	2.9222e-02	3.0439e-02	3.1477e-02	3.2339e-02	3.3886e-02	3.5339e-02	3.6811e-02	3.9833e-02
9.929648e-01	1.7344e-02	1.7497e-02	1.7789e-02	1.8112e-02	1.8870e-02	2.0415e-02	2.2013e-02	2.3530e-02	2.5075e-02	2.6559e-02	2.9271e-02	3.0491e-02	3.1531e-02	3.2393e-02	3.3946e-02	3.5390e-02	3.6865e-02	3.9893e-02
9.930151e-01	1.7376e-02	1.7528e-02	1.7824e-02	1.8145e-02	1.8905e-02	2.0457e-02	2.2051e-02	2.3577e-02	2.5121e-02	2.6604e-02	2.9320e-02	3.0543e-02	3.1586e-02	3.2452e-02	3.4007e-02	3.5442e-02	3.6919e-02	3.9953e-02
9.930653e-01	1.7408e-02	1.7559e-02	1.7859e-02	1.8177e-02	1.8940e-02	2.0498e-02	2.2089e-02	2.3624e-02	2.5168e-02	2.6650e-02	2.9369e-02	3.0595e-02	3.1640e-02	3.2511e-02	3.4069e-02	3.5493e-02	3.6973e-02	4.0013e-02
9.931156e-01	1.7441e-02	1.7591e-02	1.7895e-02	1.8210e-02	1.8975e-02	2.0540e-02	2.2128e-02	2.3671e-02	2.5215e-02	2.6695e-02	2.9418e-02	3.0647e-02	3.1694e-02	3.2571e-02	3.4131e-02	3.5557e-02	3.7027e-02	4.0073e-02
9.931658e-01	1.7473e-02	1.7622e-02	1.7930e-02	1.8243e-02	1.9010e-02	2.0582e-02	2.2166e-02	2.3718e-02	2.5261e-02	2.6740e-02	2.9467e-02	3.0699e-02	3.1749e-02	3.2630e-02	3.4192e-02	3.5622e-02	3.7081e-02	4.0133e-02
9.932161e-01	1.7505e-02	1.7653e-02	1.7965e-02	1.8276e-02	1.9045e-02	2.0624e-02	2.2204e-02	2.3765e-02	2.5308e-02	2.6786e-02	2.9519e-02	3.0751e-02	3.1803e-02	3.2689e-02	3.4254e-02	3.5687e-02	3.7135e-02	4.0192e-02
9.932663e-01	1.7537e-02	1.7684e-02	1.8000e-02	1.8309e-02	1.9080e-02	2.0665e-02	2.2242e-02	2.3812e-02	2.5355e-02	2.6831e-02	2.9580e-02	3.0803e-02	3.1857e-02	3.2749e-02	3.4315e-02	3.5752e-02	3.7192e-02	4.0252e-02
9.933166e-01	1.7569e-02	1.7715e-02	1.8035e-02	1.8342e-02	1.9115e-02	2.0707e-02	2.2281e-02	2.3859e-02	2.5401e-02	2.6876e-02	2.9642e-02	3.0855e-02	3.1912e-02	3.2808e-02	3.4377e-02	3.5817e-02	3.7259e-02	4.0312e-02
9.933668e-01	1.7601e-02	1.7746e-02	1.8070e-02	1.8375e-02	1.9150e-02	2.0749e-02	2.2319e-02	2.3906e-02	2.5448e-02	2.6926e-02	2.9703e-02	3.0909e-02	3.1966e-02	3.2868e-02	3.4439e-02	3.5882e-02	3.7325e-02	4.0372e-02
9.934171e-01	1.7633e-02	1.7782e-02	1.8105e-02	1.8408e-02	1.9185e-02	2.0791e-02	2.2357e-02	2.3954e-02	2.5495e-02	2.6982e-02	2.9764e-02	3.0971e-02	3.2020e-02	3.2927e-02	3.4500e-02	3.5947e-02	3.7391e-02	4.0432e-02
9.934673e-01	1.7665e-02	1.7820e-02	1.8141e-02	1.8441e-02	1.9220e-02	2.0832e-02	2.2404e-02	2.4001e-02	2.5541e-02	2.7038e-02	2.9825e-02	3.1034e-02	3.2075e-02	3.2986e-02	3.4562e-02	3.6012e-02	3.7457e-02	4.0492e-02
9.935176e-01	1.7697e-02	1.7857e-02	1.8176e-02	1.8474e-02	1.9255e-02	2.0874e-02	2.2451e-02	2.4048e-02	2.5588e-02	2.7093e-02	2.9887e-02	3.1096e-02	3.2129e-02	3.3046e-02	3.4623e-02	3.6077e-02	3.7523e-02	4.0552e-02
9.935678e-01	1.7729e-02	1.7895e-02	1.8211e-02	1.8507e-02	1.9290e-02	2.0916e-02	2.2498e-02	2.4095e-02	2.5634e-02	2.7149e-02	2.9948e-02	3.1159e-02	3.2183e-02	3.3105e-02	3.4685e-02	3.6142e-02	3.7589e-02	4.0612e-02
9.936181e-01	1.7764e-02	1.7932e-02	1.8246e-02	1.8540e-02	1.9325e-02	2.0958e-02	2.2546e-02	2.4142e-02	2.5681e-02	2.7205e-02	3.0009e-02	3.1222e-02	3.2238e-02	3.3164e-02	3.4747e-02	3.6207e-02	3.7655e-02	4.0672e-02
9.936683e-01	1.7803e-02	1.7970e-02	1.8281e-02	1.8573e-02	1.9361e-02	2.0999e-02	2.2593e-02	2.4189e-02	2.5736e-02	2.7261e-02	3.0070e-02	3.1284e-02	3.2292e-02	3.3224e-02	3.4808e-02	3.6272e-02	3.7722e-02	4.0731e-02
9.937186e-01	1.7841e-02	1.8007e-02	1.8316e-02	1.8610e-02	1.9396e-02	2.1041e-02	2.2640e-02	2.4236e-02	2.5792e-02	2.7316e-02	3.0132e-02	3.1347e-02	3.2346e-02	3.3283e-02	3.4870e-02	3.6337e-02	3.7788e-02	4.0797e-02
9.937688e-01	1.7880e-02	1.8045e-02	1.8351e-02	1.8651e-02	1.9431e-02	2.1083e-02	2.2688e-02	2.4283e-02	2.5848e-02	2.7372e-02	3.0193e-02	3.1409e-02	3.2410e-02	3.3342e-02	3.4932e-02	3.6402e-02	3.7854e-02	4.0874e-02
9.938191e-01	1.7919e-02	1.8082e-02	1.8386e-02	1.8692e-02	1.9466e-02	2.1125e-02	2.2735e-02	2.4330e-02	2.5905e-02	2.7428e-02	3.0254e-02	3.1472e-02	3.2477e-02	3.3402e-02	3.4993e-02	3.6467e-02	3.7920e-02	4.0951e-02
9.938693e-01	1.7958e-02	1.8120e-02	1.8422e-02	1.8733e-02	1.9511e-02	2.1166e-02	2.2782e-02	2.4377e-02	2.5961e-02	2.7484e-02	3.0316e-02	3.1535e-02	3.2544e-02	3.3461e-02	3.5055e-02	3.6532e-02	3.7986e-02	4.1027e-02
9.939196e-01	1.7996e-02	1.8157e-02	1.8457e-02	1.8774e-02	1.9556e-02	2.1208e-02	2.2830e-02	2.4424e-02	2.6017e-02	2.7539e-02	3.0377e-02	3.1597e-02	3.2611e-02	3.3521e-02	3.5116e-02	3.6597e-02	3.8052e-02	4.1104e-02
9.939698e-01	1.8035e-02	1.8195e-02	1.8492e-02	1.8815e-02	1.9601e-02	2.1250e-02	2.2877e-02	2.4472e-02	2.6073e-02	2.7595e-02	3.0438e-02	3.1660e-02	3.2679e-02	3.3580e-02	3.5178e-02	3.6662e-02	3.8119e-02	4.1181e-02
9.940201e-01	1.8074e-02	1.8232e-02	1.8527e-02	1.8856e-02	1.9647e-02	2.1292e-02	2.2925e-02	2.4519e-02	2.6129e-02	2.7651e-02	3.0499e-02	3.1722e-02	3.2746e-02	3.3639e-02	3.5240e-02	3.6727e-02	3.8185e-02	4.1258e-02
9.940704e-01	1.8113e-02	1.8270e-02	1.8562e-02	1.8897e-02	1.9692e-02	2.1333e-02	2.2972e-02	2.4576e-02	2.6185e-02	2.7706e-02	3.0561e-02	3.1785e-02	3.2813e-02	3.3699e-02	3.5301e-02	3.6792e-02	3.8251e-02	4.1335e-02
9.941206e-01	1.8151e-02	1.8307e-02	1.8600e-02	1.8938e-02	1.9737e-02	2.1380e-02	2.3019e-02	2.4635e-02	2.6241e-02	2.7762e-02	3.0622e-02	3.1847e-02	3.2880e-02	3.3758e-02	3.5363e-02	3.6857e-02	3.8317e-02	4.1412e-02
9.941709e-01	1.8190e-02	1.8345e-02	1.8643e-02	1.8979e-02	1.9783e-02	2.1430e-02	2.3067e-02	2.4694e-02	2.6297e-02	2.7818e-02	3.0683e-02	3.1910e-02	3.2947e-02	3.3817e-02	3.5424e-02	3.6922e-02	3.8383e-02	4.1489e-02
9.942211e-01	1.8229e-02	1.8382e-02	1.8687e-02	1.9020e-02	1.9828e-02	2.1481e-02	2.3114e-02	2.4753e-02	2.6353e-02	2.7874e-02	3.0744e-02	3.1973e-02	3.3014e-02	3.3877e-02	3.5486e-02	3.6987e-02	3.8449e-02	4.1566e-02
9.942714e-01	1.8268e-02	1.8420e-02	1.8731e-02	1.9061e-02	1.9873e-02	2.1531e-02	2.3161e-02	2.4812e-02	2.6410e-02	2.7929e-02	3.0806e-02	3.2035e-02	3.3082e-02	3.3949e-02	3.5562e-02	3.7051e-02	3.8516e-02	4.1643e-02
9.943216e-01	1.8307e-02	1.8457e-02	1.8775e-02	1.9102e-02	1.9919e-02	2.1582e-02	2.3209e-02	2.4871e-02	2.6466e-02	2.7985e-02	3.0867e-02	3.2098e-02	3.3149e-02	3.4025e-02	3.5641e-02	3.7116e-02	3.8582e-02	4.1720e-02
9.943719e-01	1.8345e-02	1.8495e-02	1.8819e-02	1.9143e-02	1.9964e-02	2.1632e-02	2.3256e-02	2.4930e-02	2.6522e-02	2.8041e-02	3.0934e-02	3.2160e-02	3.3216e-02	3.4102e-02	3.5720e-02	3.7183e-02	3.8648e-02	4.1797e-02
9.944221e-01	1.8384e-02	1.8532e-02	1.8862e-02	1.9184e-02	2.0009e-02	2.1683e-02	2.3304e-02	2.4988e-02	2.6578e-02	2.8097e-02	3.1007e-02	3.2223e-02	3.3283e-02	3.4178e-02	3.5799e-02	3.7263e-02	3.8714e-02	4.1874e-02
9.944724e-01	1.8423e-02	1.8570e-02	1.8906e-02	1.9225e-02	2.0055e-02	2.1733e-02	2.3351e-02	2.5047e-02	2.6634e-02	2.8152e-02	3.1081e-02	3.2285e-02	3.3350e-02	3.4255e-02	3.5878e-02	3.7343e-02	3.8780e-02	4.1951e-02
9.945226e-01	1.8462e-02	1.8612e-02	1.8950e-02	1.9266e-02	2.0100e-02	2.1783e-02	2.3398e-02	2.5106e-02	2.6690e-02	2.8218e-02	3.1155e-02	3.2348e-02	3.3418e-02	3.4331e-02	3.5957e-02	3.7422e-02	3.8846e-02	4.2028e-02
9.945729e-01	1.8500e-02	1.8659e-02	1.8994e-02	1.9307e-02	2.0145e-02	2.1834e-02	2.3453e-02	2.5165e-02	2.6746e-02	2.8290e-02	3.1229e-02	3.2422e-02	3.3485e-02	3.4408e-02	3.6036e-02	3.7502e-02	3.8913e-02	4.2105e-02
9.946231e-01	1.8539e-02	1.8705e-02	1.9038e-02	1.9348e-02	2.0191e-02	2.1884e-02	2.3515e-02	2.5224e-02	2.6802e-02	2.8361e-02	3.1302e-02	3.2500e-02	3.3552e-02	3.4484e-02	3.6115e-02	3.7582e-02	3.8992e-02	4.2182e-02
9.946734e-01	1.8578e-02	1.8752e-02	1.9081e-02	1.9389e-02	2.0236e-02	2.1935e-02	2.3576e-02	2.5283e-02	2.6859e-02	2.8433e-02	3.1376e-02	3.2577e-02	3.3619e-02	3.4561e-02	3.6194e-02	3.7662e-02	3.9076e-02	4.2259e-02
9.947236e-01	1.8624e-02	1.8799e-02	1.9125e-02	1.9430e-02	2.0281e-02	2.1985e-02	2.3637e-02	2.5342e-02	2.6918e-02	2.8504e-02	3.1450e-02	3.2655e-02	3.3686e-02	3.4637e-02	3.6273e-02	3.7741e-02	3.9160e-02	4.2336e-02
9.947739e-01	1.8672e-02	1.8846e-02	1.9169e-02	1.9472e-02	2.0327e-02	2.2036e-02	2.3698e-02	2.5401e-02	2.6988e-02	2.8576e-02	3.1524e-02	3.2732e-02	3.3753e-02	3.4714e-02	3.6352e-02	3.7821e-02	3.9245e-02	4.2413e-02
9.948241e-01	1.8721e-02	1.8893e-02	1.9213e-02	1.9525e-02	2.0372e-02	2.2086e-02	2.3759e-02	2.5460e-02	2.7057e-02	2.8647e-02	3.1597e-02	3.2810e-02	3.3821e-02	3.4790e-02	3.6431e-02	3.7901e-02	3.9329e-02	4.2490e-02
9.948744e-01	1.8769e-02	1.8940e-02	1.9257e-02	1.9579e-02	2.0425e-02	2.2136e-02	2.3820e-02	2.5519e-02	2.7127e-02	2.8719e-02	3.1671e-02	3.2888e-02	3.3888e-02	3.4867e-02	3.6510e-02	3.7981e-02	3.9413e-02	4.2567e-02
9.949246e-01	1.8818e-02	1.8987e-02	1.9300e-02	1.9632e-02	2.0481e-02	2.2187e-02	2.3881e-02	2.5578e-02	2.7196e-02	2.8790e-02	3.1745e-02	3.2965e-02	3.3973e-02	3.4943e-02	3.6589e-02	3.8060e-02	3.9498e-02	4.2644e-02
9.949749e-01	1.8867e-02	1.9033e-02	1.9344e-02	1.9686e-02	2.0538e-02	2.2237e-02	2.3943e-02	2.5637e-02	2.7266e-02	2.8862e-02	3.1819e-02	3.3043e-02	3.4060e-02	3.5020e-02	3.6668e-02	3.8140e-02	3.9582e-02	4.2727e-02
9.950251e-01	1.8915e-02	1.9080e-02	1.9388e-02	1.9739e-02	2.0595e-02	2.2288e-02	2.4004e-02	2.5698e-02	2.7335e-02	2.8933e-02	3.1893e-02	3.3120e-02	3.4147e-02	3.5096e-02	3.6747e-02	3.8220e-02	3.9666e-02	4.2828e-02
9.950754e-01	1.8964e-02	1.9127e-02	1.9432e-02	1.9793e-02	2.0652e-02	2.2338e-02	2.4065e-02	2.5770e-02	2.7405e-02	2.9005e-02	3.1966e-02	3.3198e-02	3.4234e-02	3.5173e-02	3.6826e-02	3.8300e-02	3.9751e-02	4.2928e-02
9.951256e-01	1.9012e-02	1.9174e-02	1.9478e-02	1.9846e-02	2.0709e-02	2.2396e-02	2.4126e-02	2.5841e-02	2.7475e-02	2.9076e-02	3.2040e-02	3.3275e-02	3.4321e-02	3.5249e-02	3.6906e-02	3.8379e-02	3.9835e-02	4.3029e-02
9.951759e-01	1.9061e-02	1.9221e-02	1.9536e-02	1.9900e-02	2.0766e-02	2.2459e-02	2.4187e-02	2.5912e-02	2.7544e-02	2.9148e-02	3.2114e-02	3.3353e-02	3.4408e-02	3.5326e-02	3.6985e-02	3.8459e-02	3.9919e-02	4.3130e-02
9.952261e-01	1.9109e-02	1.9268e-02	1.9593e-02	1.9953e-02	2.0822e-02	2.2522e-02	2.4248e-02	2.5984e-02	2.7614e-02	2.9219e-02	3.2188e-02	3.3430e-02	3.4495e-02	3.5402e-02	3.7064e-02	3.8539e-02	4.0004e-02	4.3231e-02
9.952764e-01	1.9158e-02	1.9314e-02	1.9650e-02	2.0006e-02	2.0879e-02	2.2585e-02	2.4310e-02	2.6055e-02	2.7683e-02	2.9291e-02	3.2261e-02	3.3508e-02	3.4581e-02	3.5479e-02	3.7143e-02	3.8619e-02	4.0088e-02	4.3331e-02
9.953266e-01	1.9206e-02	1.9361e-02	1.9707e-02	2.0060e-02	2.0936e-02	2.2648e-02	2.4371e-02	2.6127e-02	2.7753e-02	2.9362e-02	3.2335e-02	3.3586e-02	3.4668e-02	3.5572e-02	3.7232e-02	3.8698e-02	4.0172e-02	4.3432e-02
9.953769e-01	1.9255e-02	1.9408e-02	1.9765e-02	2.0113e-02	2.0993e-02	2.2711e-02	2.4432e-02	2.6198e-02	2.7823e-02	2.9434e-02	3.2420e-02	3.3663e-02	3.4755e-02	3.5671e-02	3.7330e-02	3.8778e-02	4.0257e-02	4.3533e-02
9.954271e-01	1.9303e-02	1.9455e-02	1.9822e-02	2.0167e-02	2.1050e-02	2.2774e-02	2.4493e-02	2.6269e-02	2.7892e-02	2.9505e-02	3.2512e-02	3.3741e-02	3.4842e-02	3.5770e-02	3.7427e-02	3.8858e-02	4.0341e-02	4.3634e-02
9.954774e-01	1.9352e-02	1.9513e-02	1.9879e-02	2.0220e-02	2.1106e-02	2.2837e-02	2.4562e-02	2.6341e-02	2.7962e-02	2.9596e-02	3.2604e-02	3.3818e-02	3.4929e-02	3.5869e-02	3.7524e-02	3.8940e-02	4.0425e-02	4.3734e-02
9.955276e-01	1.9400e-02	1.9574e-02	1.9937e-02	2.0274e-02	2.1163e-02	2.2900e-02	2.4639e-02	2.6412e-02	2.8031e-02	2.9687e-02	3.2695e-02	3.3897e-02	3.5016e-02	3.5967e-02	3.7621e-02	3.9042e-02	4.0510e-02	4.3835e-02
9.955779e-01	1.9449e-02	1.9636e-02	1.9994e-02	2.0327e-02	2.1220e-02	2.2963e-02	2.4717e-02	2.6484e-02	2.8101e-02	2.9778e-02	3.2787e-02	3.3997e-02	3.5102e-02	3.6066e-02	3.7718e-02	3.9144e-02	4.0594e-02	4.3936e-02
9.956281e-01	1.9507e-02	1.9697e-02	2.0051e-02	2.0381e-02	2.1277e-02	2.3026e-02	2.4794e-02	2.6555e-02	2.8171e-02	2.9869e-02	3.2879e-02	3.4098e-02	3.5189e-02	3.6165e-02	3.7815e-02	3.9246e-02	4.0678e-02	4.4036e-02
9.956784e-01	1.9571e-02	1.9759e-02	2.0109e-02	2.0446e-02	2.1334e-02	2.3089e-02	2.4872e-02	2.6626e-02	2.8260e-02	2.9960e-02	3.2970e-02	3.4199e-02	3.5276e-02	3.6264e-02	3.7912e-02	3.9348e-02	4.0763e-02	4.4137e-02
9.957286e-01	1.9634e-02	1.9820e-02	2.0166e-02	2.0514e-02	2.1399e-02	2.3152e-02	2.4949e-02	2.6698e-02	2.8350e-02	3.0051e-02	3.3062e-02	3.4299e-02	3.5363e-02	3.6362e-02	3.8009e-02	3.9450e-02	4.0873e-02	4.4238e-02
9.957789e-01	1.9698e-02	1.9882e-02	2.0223e-02	2.0581e-02	2.1468e-02	2.3215e-02	2.5027e-02	2.6769e-02	2.8441e-02	3.0142e-02	3.3154e-02	3.4400e-02	3.5450e-02	3.6461e-02	3.8107e-02	3.9552e-02	4.0987e-02	4.4339e-02
9.958291e-01	1.9762e-02	1.9943e-02	2.0281e-02	2.0648e-02	2.1537e-02	2.3278e-02	2.5104e-02	2.6841e-02	2.8531e-02	3.0232e-02	3.3245e-02	3.4500e-02	3.5549e-02	3.6560e-02	3.8204e-02	3.9654e-02	4.1101e-02	4.4439e-02
9.958794e-01	1.9826e-02	2.0005e-02	2.0338e-02	2.0716e-02	2.1607e-02	2.3341e-02	2.5182e-02	2.6915e-02	2.8621e-02	3.0323e-02	3.3337e-02	3.4601e-02	3.5661e-02	3.6659e-02	3.8301e-02	3.9756e-02	4.1215e-02	4.4540e-02
9.959296e-01	1.9890e-02	2.0066e-02	2.0397e-02	2.0783e-02	2.1676e-02	2.3404e-02	2.5259e-02	2.7004e-02	2.8712e-02	3.0414e-02	3.3429e-02	3.4702e-02	3.5774e-02	3.6757e-02	3.8398e-02	3.9858e-02	4.1329e-02	4.4641e-02
9.959799e-01	1.9954e-02	2.0128e-02	2.0470e-02	2.0851e-02	2.1745e-02	2.3482e-02	2.5336e-02	2.7094e-02	2.8802e-02	3.0505e-02	3.3520e-02	3.4802e-02	3.5886e-02	3.6856e-02	3.8495e-02	3.9960e-02	4.1443e-02	4.4747e-02
9.960302e-01	2.0018e-02	2.0189e-02	2.0542e-02	2.0918e-02	2.1814e-02	2.3565e-02	2.5414e-02	2.7183e-02	2.8892e-02	3.0596e-02	3.3612e-02	3.4903e-02	3.5999e-02	3.6955e-02	3.8592e-02	4.0063e-02	4.1557e-02	4.4873e-02
9.960804e-01	2.0081e-02	2.0251e-02	2.0615e-02	2.0986e-02	2.1883e-02	2.3648e-02	2.5491e-02	2.7272e-02	2.8983e-02	3.0687e-02	3.3704e-02	3.5003e-02	3.6111e-02	3.7054e-02	3.8689e-02	4.0165e-02	4.1671e-02	4.5000e-02
9.961307e-01	2.0145e-02	2.0312e-02	2.0687e-02	2.1053e-02	2.1953e-02	2.3730e-02	2.5569e-02	2.7362e-02	2.9073e-02	3.0778e-02	3.3795e-02	3.5104e-02	3.6224e-02	3.7152e-02	3.8786e-02	4.0267e-02	4.1785e-02	4.5126e-02
9.961809e-01	2.0209e-02	2.0374e-02	2.0760e-02	2.1121e-02	2.2022e-02	2.3813e-02	2.5646e-02	2.7451e-02	2.9163e-02	3.0869e-02	3.3887e-02	3.5204e-02	3.6336e-02	3.7269e-02	3.8883e-02	4.0369e-02	4.1899e-02	4.5253e-02
9.962312e-01	2.0273e-02	2.0448e-02	2.0832e-02	2.1188e-02	2.2091e-02	2.3896e-02	2.5732e-02	2.7540e-02	2.9254e-02	3.0972e-02	3.4005e-02	3.5305e-02	3.6449e-02	3.7390e-02	3.8995e-02	4.0471e-02	4.2014e-02	4.5379e-02
9.962814e-01	2.0337e-02	2.0526e-02	2.0905e-02	2.1256e-02	2.2160e-02	2.3978e-02	2.5827e-02	2.7630e-02	2.9344e-02	3.1083e-02	3.4124e-02	3.5406e-02	3.6561e-02	3.7512e-02	3.9119e-02	4.0573e-02	4.2128e-02	4.5506e-02
9.963317e-01	2.0404e-02	2.0604e-02	2.0977e-02	2.1323e-02	2.2230e-02	2.4061e-02	2.5921e-02	2.7719e-02	2.9434e-02	3.1194e-02	3.4244e-02	3.5509e-02	3.6674e-02	3.7633e-02	3.9244e-02	4.0675e-02	4.2242e-02	4.5633e-02
9.963819e-01	2.0485e-02	2.0682e-02	2.1050e-02	2.1399e-02	2.2299e-02	2.4143e-02	2.6016e-02	2.7808e-02	2.9530e-02	3.1304e-02	3.4363e-02	3.5640e-02	3.6786e-02	3.7754e-02	3.9368e-02	4.0779e-02	4.2356e-02	4.5759e-02
9.964322e-01	2.0566e-02	2.0760e-02	2.1123e-02	2.1482e-02	2.2370e-02	2.4226e-02	2.6110e-02	2.7898e-02	2.9647e-02	3.1415e-02	3.4483e-02	3.5771e-02	3.6898e-02	3.7876e-02	3.9493e-02	4.0918e-02	4.2470e-02	4.5886e-02
9.964824e-01	2.0647e-02	2.0838e-02	2.1195e-02	2.1564e-02	2.2457e-02	2.4309e-02	2.6205e-02	2.7987e-02	2.9763e-02	3.1525e-02	3.4602e-02	3.5901e-02	3.7011e-02	3.7997e-02	3.9618e-02	4.1057e-02	4.2584e-02	4.6012e-02
9.965327e-01	2.0728e-02	2.0916e-02	2.1268e-02	2.1647e-02	2.2545e-02	2.4391e-02	2.6299e-02	2.8076e-02	2.9879e-02	3.1636e-02	3.4722e-02	3.6032e-02	3.7123e-02	3.8119e-02	3.9742e-02	4.1196e-02	4.2698e-02	4.6139e-02
9.965829e-01	2.0809e-02	2.0994e-02	2.1340e-02	2.1729e-02	2.2633e-02	2.4474e-02	2.6394e-02	2.8166e-02	2.9995e-02	3.1746e-02	3.4841e-02	3.6162e-02	3.7250e-02	3.8240e-02	3.9867e-02	4.1335e-02	4.2854e-02	4.6265e-02
9.966332e-01	2.0891e-02	2.1072e-02	2.1426e-02	2.1812e-02	2.2720e-02	2.4565e-02	2.6488e-02	2.8281e-02	3.0111e-02	3.1857e-02	3.4961e-02	3.6293e-02	3.7388e-02	3.8361e-02	3.9991e-02	4.1474e-02	4.3011e-02	4.6392e-02
9.966834e-01	2.0972e-02	2.1150e-02	2.1515e-02	2.1894e-02	2.2808e-02	2.4671e-02	2.6583e-02	2.8399e-02	3.0227e-02	3.1968e-02	3.5080e-02	3.6423e-02	3.7526e-02	3.8483e-02	4.0116e-02	4.1613e-02	4.3168e-02	4.6518e-02
9.967337e-01	2.1053e-02	2.1228e-02	2.1604e-02	2.1977e-02	2.2896e-02	2.4777e-02	2.6677e-02	2.8516e-02	3.0344e-02	3.2078e-02	3.5199e-02	3.6554e-02	3.7664e-02	3.8604e-02	4.0241e-02	4.1753e-02	4.3325e-02	4.6645e-02
9.967839e-01	2.1134e-02	2.1306e-02	2.1693e-02	2.2060e-02	2.2983e-02	2.4883e-02	2.6772e-02	2.8634e-02	3.0460e-02	3.2189e-02	3.5319e-02	3.6685e-02	3.7803e-02	3.8725e-02	4.0365e-02	4.1892e-02	4.3482e-02	4.6771e-02
9.968342e-01	2.1215e-02	2.1392e-02	2.1782e-02	2.2142e-02	2.3071e-02	2.4989e-02	2.6866e-02	2.8751e-02	3.0576e-02	3.2299e-02	3.5438e-02	3.6815e-02	3.7941e-02	3.8847e-02	4.0490e-02	4.2031e-02	4.3639e-02	4.6918e-02
9.968844e-01	2.1296e-02	2.1488e-02	2.1871e-02	2.2225e-02	2.3158e-02	2.5095e-02	2.6976e-02	2.8869e-02	3.0692e-02	3.2422e-02	3.5577e-02	3.6946e-02	3.8079e-02	3.8979e-02	4.0614e-02	4.2170e-02	4.3796e-02	4.7085e-02
9.969347e-01	2.1383e-02	2.1583e-02	2.1960e-02	2.2307e-02	2.3246e-02	2.5201e-02	2.7096e-02	2.8987e-02	3.0808e-02	3.2562e-02	3.5733e-02	3.7076e-02	3.8217e-02	3.9134e-02	4.0739e-02	4.2309e-02	4.3953e-02	4.7253e-02
9.969849e-01	2.1483e-02	2.1679e-02	2.2049e-02	2.2398e-02	2.3334e-02	2.5307e-02	2.7216e-02	2.9104e-02	3.0930e-02	3.2701e-02	3.5888e-02	3.7214e-02	3.8355e-02	3.9290e-02	4.0897e-02	4.2448e-02	4.4110e-02	4.7420e-02
9.970352e-01	2.1582e-02	2.1775e-02	2.2138e-02	2.2503e-02	2.3422e-02	2.5413e-02	2.7335e-02	2.9222e-02	3.1072e-02	3.2841e-02	3.6044e-02	3.7375e-02	3.8493e-02	3.9446e-02	4.1067e-02	4.2587e-02	4.4268e-02	4.7587e-02
9.970854e-01	2.1682e-02	2.1871e-02	2.2227e-02	2.2608e-02	2.3539e-02	2.5519e-02	2.7455e-02	2.9339e-02	3.1214e-02	3.2980e-02	3.6200e-02	3.7535e-02	3.8631e-02	3.9602e-02	4.1237e-02	4.2736e-02	4.4425e-02	4.7755e-02
9.971357e-01	2.1782e-02	2.1967e-02	2.2316e-02	2.2713e-02	2.3656e-02	2.5625e-02	2.7574e-02	2.9457e-02	3.1356e-02	3.3120e-02	3.6356e-02	3.7695e-02	3.8770e-02	3.9757e-02	4.1408e-02	4.2929e-02	4.4582e-02	4.7922e-02
9.971859e-01	2.1881e-02	2.2063e-02	2.2417e-02	2.2818e-02	2.3773e-02	2.5742e-02	2.7694e-02	2.9596e-02	3.1498e-02	3.3259e-02	3.6511e-02	3.7855e-02	3.8908e-02	3.9913e-02	4.1578e-02	4.3122e-02	4.4744e-02	4.8090e-02
9.972362e-01	2.1981e-02	2.2158e-02	2.2531e-02	2.2924e-02	2.3890e-02	2.5872e-02	2.7813e-02	2.9749e-02	3.1640e-02	3.3399e-02	3.6667e-02	3.8016e-02	3.9078e-02	4.0069e-02	4.1748e-02	4.3315e-02	4.4940e-02	4.8257e-02
9.972864e-01	2.2081e-02	2.2254e-02	2.2644e-02	2.3029e-02	2.4007e-02	2.6002e-02	2.7933e-02	2.9902e-02	3.1782e-02	3.3538e-02	3.6823e-02	3.8176e-02	3.9255e-02	4.0224e-02	4.1919e-02	4.3508e-02	4.5136e-02	4.8424e-02
9.973367e-01	2.2180e-02	2.2350e-02	2.2758e-02	2.3134e-02	2.4124e-02	2.6132e-02	2.8052e-02	3.0055e-02	3.1924e-02	3.3677e-02	3.6978e-02	3.8336e-02	3.9433e-02	4.0380e-02	4.2089e-02	4.3701e-02	4.5332e-02	4.8592e-02
9.973869e-01	2.2280e-02	2.2470e-02	2.2872e-02	2.3239e-02	2.4242e-02	2.6262e-02	2.8172e-02	3.0208e-02	3.2066e-02	3.3817e-02	3.7134e-02	3.8497e-02	3.9610e-02	4.0536e-02	4.2259e-02	4.3894e-02	4.5529e-02	4.8759e-02
9.974372e-01	2.2385e-02	2.2592e-02	2.2985e-02	2.3344e-02	2.4359e-02	2.6393e-02	2.8332e-02	3.0361e-02	3.2208e-02	3.3978e-02	3.7316e-02	3.8657e-02	3.9787e-02	4.0691e-02	4.2429e-02	4.4088e-02	4.5725e-02	4.8927e-02
9.974874e-01	2.2513e-02	2.2715e-02	2.3099e-02	2.3460e-02	2.4476e-02	2.6523e-02	2.8492e-02	3.0514e-02	3.2351e-02	3.4164e-02	3.7508e-02	3.8817e-02	3.9964e-02	4.0874e-02	4.2600e-02	4.4281e-02	4.5921e-02	4.9114e-02
9.975377e-01	2.2640e-02	2.2838e-02	2.3212e-02	2.3602e-02	2.4613e-02	2.6653e-02	2.8652e-02	3.0667e-02	3.2528e-02	3.4350e-02	3.7699e-02	3.8991e-02	4.0141e-02	4.1087e-02	4.2797e-02	4.4474e-02	4.6117e-02	4.9356e-02
9.975879e-01	2.2768e-02	2.2961e-02	2.3326e-02	2.3744e-02	2.4765e-02	2.6783e-02	2.8812e-02	3.0820e-02	3.2709e-02	3.4536e-02	3.7890e-02	3.9196e-02	4.0318e-02	4.1300e-02	4.3034e-02	4.4667e-02	4.6314e-02	4.9598e-02
9.976382e-01	2.2896e-02	2.3083e-02	2.3447e-02	2.3886e-02	2.4918e-02	2.6917e-02	2.8972e-02	3.0990e-02	3.2890e-02	3.4722e-02	3.8081e-02	3.9401e-02	4.0495e-02	4.1513e-02	4.3271e-02	4.4894e-02	4.6510e-02	4.9840e-02
9.976884e-01	2.3024e-02	2.3206e-02	2.3601e-02	2.4028e-02	2.5070e-02	2.7083e-02	2.9132e-02	3.1178e-02	3.3070e-02	3.4908e-02	3.8273e-02	3.9606e-02	4.0672e-02	4.1726e-02	4.3509e-02	4.5135e-02	4.6706e-02	5.0082e-02
9.977387e-01	2.3151e-02	2.3329e-02	2.3756e-02	2.4170e-02	2.5223e-02	2.7249e-02	2.9292e-02	3.1365e-02	3.3251e-02	3.5094e-02	3.8464e-02	3.9812e-02	4.0877e-02	4.1939e-02	4.3746e-02	4.5376e-02	4.6924e-02	5.0324e-02
9.977889e-01	2.3279e-02	2.3463e-02	2.3910e-02	2.4312e-02	2.5375e-02	2.7415e-02	2.9452e-02	3.1553e-02	3.3432e-02	3.5280e-02	3.8655e-02	4.0017e-02	4.1119e-02	4.2151e-02	4.3983e-02	4.5616e-02	4.7181e-02	5.0566e-02
9.978392e-01	2.3407e-02	2.3631e-02	2.4064e-02	2.4454e-02	2.5527e-02	2.7581e-02	2.9647e-02	3.1741e-02	3.3613e-02	3.5466e-02	3.8846e-02	4.0222e-02	4.1361e-02	4.2364e-02	4.4220e-02	4.5857e-02	4.7439e-02	5.0808e-02
9.978894e-01	2.3577e-02	2.3798e-02	2.4218e-02	2.4618e-02	2.5680e-02	2.7748e-02	2.9858e-02	3.1929e-02	3.3794e-02	3.5704e-02	3.9068e-02	4.0428e-02	4.1603e-02	4.2577e-02	4.4457e-02	4.6098e-02	4.7696e-02	5.1050e-02
9.979397e-01	2.3751e-02	2.3965e-02	2.4373e-02	2.4805e-02	2.5866e-02	2.7914e-02	3.0069e-02	3.2117e-02	3.4003e-02	3.5952e-02	3.9313e-02	4.0633e-02	4.1845e-02	4.2825e-02	4.4694e-02	4.6338e-02	4.7954e-02	5.1292e-02
9.979899e-01	2.3925e-02	2.4132e-02	2.4527e-02	2.4991e-02	2.6053e-02	2.8080e-02	3.0280e-02	3.2305e-02	3.4248e-02	3.6200e-02	3.9558e-02	4.0862e-02	4.2087e-02	4.3121e-02	4.4982e-02	4.6579e-02	4.8211e-02	5.1621e-02
9.980402e-01	2.4099e-02	2.4299e-02	2.4730e-02	2.5177e-02	2.6240e-02	2.8273e-02	3.0491e-02	3.2529e-02	3.4492e-02	3.6447e-02	3.9803e-02	4.1142e-02	4.2329e-02	4.3416e-02	4.5276e-02	4.6820e-02	4.8468e-02	5.1992e-02
9.980905e-01	2.4273e-02	2.4466e-02	2.4932e-02	2.5363e-02	2.6428e-02	2.8499e-02	3.0702e-02	3.2769e-02	3.4737e-02	3.6695e-02	4.0048e-02	4.1422e-02	4.2571e-02	4.3712e-02	4.5571e-02	4.7130e-02	4.8726e-02	5.2362e-02
9.981407e-01	2.4447e-02	2.4667e-02	2.5135e-02	2.5549e-02	2.6615e-02	2.8725e-02	3.0916e-02	3.3010e-02	3.4981e-02	3.6943e-02	4.0293e-02	4.1701e-02	4.2856e-02	4.4008e-02	4.5865e-02	4.7444e-02	4.8983e-02	5.2733e-02
9.981910e-01	2.4652e-02	2.4887e-02	2.5337e-02	2.5747e-02	2.6802e-02	2.8952e-02	3.1175e-02	3.3250e-02	3.5225e-02	3.7194e-02	4.0539e-02	4.1981e-02	4.3192e-02	4.4304e-02	4.6159e-02	4.7759e-02	4.9322e-02	5.3103e-02
9.982412e-01	2.4881e-02	2.5107e-02	2.5540e-02	2.5975e-02	2.7015e-02	2.9178e-02	3.1434e-02	3.3490e-02	3.5470e-02	3.7499e-02	4.0788e-02	4.2261e-02	4.3527e-02	4.4600e-02	4.6453e-02	4.8074e-02	4.9688e-02	5.3474e-02
9.982915e-01	2.5110e-02	2.5327e-02	2.5755e-02	2.6203e-02	2.7254e-02	2.9404e-02	3.1693e-02	3.3730e-02	3.5790e-02	3.7803e-02	4.1122e-02	4.2541e-02	4.3863e-02	4.4937e-02	4.6748e-02	4.8388e-02	5.0055e-02	5.3856e-02
9.983417e-01	2.5340e-02	2.5547e-02	2.6003e-02	2.6432e-02	2.7494e-02	2.9672e-02	3.1952e-02	3.3999e-02	3.6120e-02	3.8107e-02	4.1457e-02	4.2867e-02	4.4198e-02	4.5303e-02	4.7103e-02	4.8703e-02	5.0421e-02	5.4319e-02
9.983920e-01	2.5569e-02	2.5785e-02	2.6251e-02	2.6660e-02	2.7734e-02	2.9973e-02	3.2211e-02	3.4326e-02	3.6449e-02	3.8412e-02	4.1791e-02	4.3254e-02	4.4534e-02	4.5668e-02	4.7485e-02	4.9018e-02	5.0787e-02	5.4783e-02
9.984422e-01	2.5823e-02	2.6054e-02	2.6499e-02	2.6888e-02	2.7974e-02	3.0275e-02	3.2500e-02	3.4654e-02	3.6778e-02	3.8716e-02	4.2125e-02	4.3641e-02	4.4904e-02	4.6034e-02	4.7867e-02	4.9450e-02	5.1154e-02	5.5246e-02
9.984925e-01	2.6102e-02	2.6322e-02	2.6746e-02	2.7176e-02	2.8229e-02	3.0577e-02	3.2831e-02	3.4981e-02	3.7108e-02	3.9046e-02	4.2460e-02	4.4028e-02	4.5318e-02	4.6399e-02	4.8249e-02	4.9895e-02	5.1595e-02	5.5710e-02
9.985427e-01	2.6382e-02	2.6591e-02	2.7020e-02	2.7467e-02	2.8556e-02	3.0878e-02	3.3161e-02	3.5308e-02	3.7495e-02	3.9435e-02	4.2830e-02	4.4416e-02	4.5732e-02	4.6765e-02	4.8631e-02	5.0340e-02	5.2142e-02	5.6173e-02
9.985930e-01	2.6661e-02	2.6860e-02	2.7334e-02	2.7758e-02	2.8884e-02	3.1240e-02	3.3491e-02	3.5685e-02	3.7897e-02	3.9825e-02	4.3293e-02	4.4822e-02	4.6145e-02	4.7215e-02	4.9013e-02	5.0785e-02	5.2689e-02	5.6729e-02
9.986432e-01	2.6951e-02	2.7189e-02	2.7649e-02	2.8049e-02	2.9212e-02	3.1607e-02	3.3822e-02	3.6128e-02	3.8299e-02	4.0215e-02	4.3756e-02	4.5298e-02	4.6559e-02	4.7686e-02	4.9533e-02	5.1230e-02	5.3236e-02	5.7338e-02
9.986935e-01	2.7304e-02	2.7529e-02	2.7964e-02	2.8400e-02	2.9551e-02	3.1974e-02	3.4246e-02	3.6571e-02	3.8701e-02	4.0605e-02	4.4219e-02	4.5774e-02	4.7011e-02	4.8157e-02	5.0067e-02	5.1821e-02	5.3782e-02	5.7947e-02
9.987437e-01	2.7657e-02	2.7869e-02	2.8316e-02	2.8795e-02	2.9986e-02	3.2340e-02	3.4695e-02	3.7015e-02	3.9150e-02	4.1076e-02	4.4682e-02	4.6250e-02	4.7543e-02	4.8628e-02	5.0602e-02	5.2479e-02	5.4454e-02	5.8556e-02
9.987940e-01	2.8010e-02	2.8222e-02	2.8740e-02	2.9190e-02	3.0422e-02	3.2797e-02	3.5144e-02	3.7517e-02	3.9661e-02	4.1609e-02	4.5241e-02	4.6726e-02	4.8074e-02	4.9117e-02	5.1136e-02	5.3137e-02	5.5129e-02	5.9234e-02
9.988442e-01	2.8428e-02	2.8678e-02	2.9164e-02	2.9611e-02	3.0858e-02	3.3259e-02	3.5627e-02	3.8053e-02	4.0171e-02	4.2142e-02	4.5807e-02	4.7304e-02	4.8605e-02	4.9767e-02	5.1806e-02	5.3794e-02	5.5803e-02	6.0106e-02
9.988945e-01	2.8899e-02	2.9134e-02	2.9614e-02	3.0132e-02	3.1371e-02	3.3721e-02	3.6230e-02	3.8588e-02	4.0682e-02	4.2674e-02	4.6374e-02	4.7913e-02	4.9169e-02	5.0417e-02	5.2581e-02	5.4597e-02	5.6517e-02	6.0978e-02
9.989447e-01	2.9371e-02	2.9617e-02	3.0171e-02	3.0653e-02	3.1894e-02	3.4279e-02	3.6833e-02	3.9173e-02	4.1338e-02	4.3397e-02	4.6969e-02	4.8522e-02	4.9897e-02	5.1067e-02	5.3356e-02	5.5401e-02	5.7385e-02	6.1877e-02
9.989950e-01	2.9944e-02	3.0213e-02	3.0727e-02	3.1225e-02	3.2428e-02	3.4894e-02	3.7487e-02	3.9843e-02	4.2026e-02	4.4129e-02	4.7689e-02	4.9160e-02	5.0626e-02	5.1865e-02	5.4202e-02	5.6205e-02	5.8253e-02	6.3206e-02
9.990452e-01	3.0558e-02	3.0809e-02	3.1355e-02	3.1845e-02	3.3073e-02	3.5513e-02	3.8206e-02	4.0513e-02	4.2718e-02	4.4890e-02	4.8409e-02	4.9991e-02	5.1355e-02	5.2791e-02	5.5144e-02	5.7188e-02	5.9165e-02	6.4536e-02
9.990955e-01	3.1221e-02	3.1497e-02	3.2015e-02	3.2488e-02	3.3717e-02	3.6321e-02	3.8925e-02	4.1312e-02	4.3646e-02	4.5769e-02	4.9156e-02	5.0822e-02	5.2379e-02	5.3718e-02	5.6086e-02	5.8207e-02	6.0360e-02	6.6059e-02
9.991457e-01	3.1947e-02	3.2201e-02	3.2743e-02	3.3245e-02	3.4498e-02	3.7129e-02	3.9807e-02	4.2193e-02	4.4575e-02	4.6648e-02	5.0126e-02	5.1766e-02	5.3409e-02	5.4823e-02	5.7203e-02	5.9303e-02	6.1555e-02	6.7614e-02
9.991960e-01	3.2738e-02	3.3023e-02	3.3548e-02	3.4031e-02	3.5329e-02	3.8075e-02	4.0690e-02	4.3191e-02	4.5648e-02	4.7689e-02	5.1096e-02	5.2929e-02	5.4573e-02	5.5945e-02	5.8385e-02	6.0676e-02	6.3167e-02	6.9438e-02
9.992462e-01	3.3619e-02	3.3879e-02	3.4473e-02	3.4991e-02	3.6341e-02	3.9049e-02	4.1793e-02	4.4348e-02	4.6748e-02	4.8772e-02	5.2332e-02	5.4153e-02	5.5818e-02	5.7249e-02	5.9752e-02	6.2148e-02	6.4909e-02	7.1363e-02
9.992965e-01	3.4656e-02	3.4951e-02	3.5489e-02	3.6066e-02	3.7437e-02	4.0203e-02	4.2977e-02	4.5644e-02	4.8064e-02	5.0089e-02	5.3672e-02	5.5556e-02	5.7241e-02	5.8652e-02	6.1322e-02	6.4058e-02	6.6878e-02	7.3636e-02
9.993467e-01	3.5826e-02	3.6156e-02	3.6754e-02	3.7284e-02	3.8676e-02	4.1502e-02	4.4408e-02	4.7041e-02	4.9489e-02	5.1522e-02	5.5250e-02	5.7104e-02	5.8792e-02	6.0383e-02	6.3288e-02	6.6151e-02	6.9024e-02	7.6300e-02
9.993970e-01	3.7202e-02	3.7544e-02	3.8159e-02	3.8685e-02	4.0108e-02	4.3001e-02	4.6031e-02	4.8675e-02	5.1168e-02	5.3341e-02	5.6969e-02	5.8841e-02	6.0757e-02	6.2376e-02	6.5536e-02	6.8434e-02	7.1380e-02	7.9323e-02
9.994472e-01	3.8799e-02	3.9127e-02	3.9766e-02	4.0309e-02	4.1782e-02	4.4809e-02	4.7872e-02	5.0612e-02	5.3238e-02	5.5400e-02	5.8938e-02	6.1045e-02	6.3125e-02	6.4888e-02	6.8048e-02	7.0983e-02	7.4101e-02	8.2736e-02
9.994975e-01	4.0664e-02	4.1013e-02	4.1679e-02	4.2246e-02	4.3815e-02	4.6903e-02	5.0053e-02	5.2949e-02	5.5626e-02	5.7776e-02	6.1444e-02	6.3787e-02	6.6018e-02	6.7768e-02	7.0951e-02	7.4000e-02	7.7318e-02	8.6703e-02
9.995477e-01	4.2984e-02	4.3371e-02	4.4047e-02	4.4628e-02	4.6261e-02	4.9432e-02	5.2759e-02	5.5740e-02	5.8445e-02	6.0664e-02	6.4631e-02	6.7084e-02	6.9386e-02	7.1183e-02	7.4439e-02	7.7558e-02	8.1003e-02	9.1495e-02
9.995980e-01	4.5910e-02	4.6282e-02	4.6938e-02	4.7586e-02	4.9215e-02	5.2633e-02	5.6073e-02	5.9106e-02	6.1964e-02	6.4363e-02	6.8497e-02	7.0977e-02	7.3440e-02	7.5451e-02	7.8824e-02	8.1803e-02	8.5325e-02	9.7628e-02
9.996482e-01	4.9546e-02	4.9961e-02	5.0687e-02	5.1285e-02	5.3136e-02	5.6656e-02	6.0323e-02	6.3585e-02	6.6666e-02	6.9054e-02	7.3249e-02	7.6025e-02	7.8633e-02	8.0806e-02	8.4213e-02	8.7257e-02	9.0858e-02	1.0755e-01
9.996985e-01	5.4516e-02	5.4932e-02	5.5728e-02	5.6342e-02	5.8263e-02	6.2001e-02	6.6076e-02	6.9449e-02	7.2677e-02	7.5105e-02	7.9492e-02	8.2461e-02	8.5212e-02	8.7738e-02	9.1647e-02	9.4876e-02	9.8396e-02	1.3479e-01
9.997487e-01	6.1308e-02	6.1653e-02	6.2687e-02	6.3383e-02	6.5475e-02	6.9617e-02	7.3891e-02	7.7586e-02	8.1081e-02	8.3515e-02	8.7770e-02	9.1226e-02	9.4523e-02	9.7530e-02	1.0259e-01	1.0708e-01	1.1573e-01	1.5380e-01
9.997990e-01	7.1032e-02	7.1267e-02	7.2629e-02	7.3337e-02	7.5654e-02	8.0505e-02	8.5217e-02	8.9248e-02	9.3127e-02	9.5670e-02	9.9905e-02	1.0407e-01	1.0822e-01	1.1264e-01	1.2005e-01	1.2640e-01	1.3341e-01	1.6622e-01
9.998492e-01	8.5012e-02	8.5246e-02	8.6927e-02	8.7765e-02	9.0444e-02	9.6142e-02	1.0178e-01	1.0648e-01	1.1090e-01	1.1392e-01	1.1872e-01	1.2366e-01	1.2807e-01	1.3205e-01	1.3839e-01	1.4444e-01	1.5152e-01	1.8137e-01
9.998995e-01	1.1225e-01	1.1268e-01	1.1427e-01	1.1507e-01	1.1810e-01	1.2305e-01	1.2913e-01	1.3441e-01	1.3864e-01	1.4121e-01	1.4550e-01	1.5070e-01	1.5526e-01	1.6016e-01	1.6806e-01	1.7545e-01	1.8286e-01	2.0515e-01
9.999497e-01	2.3044e-01	2.3133e-01	2.3311e-01	2.3444e-01	2.3762e-01	2.4320e-01	2.4741e-01	2.4901e-01	2.4848e-01	2.4690e-01	2.4691e-01	2.5698e-01	2.7080e-01	2.8361e-01	3.0703e-01	3.2727e-01	3.4730e-01	3.8124e-01
1.000000e+00	3.1623e+01	3.1623e+01	3.1623e+01	3.1623e+01	3.1623e+01	3.1623e+01	3.1623e+01	3.1623e+01	3.1623e+01	3.1623e+01	3.1623e+01	3.1623e+01	3.1623e+01	3.1623e+01	3.1623e+01	3.1623e+01	3.1623e+01	3.1623e+01
