1.000000e-05	1.2171e-03	1.2171e-03	1.2171e-03	1.2171e-03	1.2171e-03	1.2171e-03	1.2171e-03	1.2171e-03	1.2171e-03	1.2171e-03	1.2171e-03	1.2172e-03	1.2172e-03	1.2172e-03	1.2172e-03	1.2172e-03	1.2173e-03	1.2173e-03
1.071519e-05	1.2171e-03	1.2171e-03	1.2171e-03	1.2171e-03	1.2171e-03	1.2171e-03	1.2171e-03	1.2171e-03	1.2171e-03	1.2171e-03	1.2172e-03	1.2172e-03	1.2172e-03	1.2172e-03	1.2172e-03	1.2173e-03	1.2173e-03	1.2173e-03
1.148154e-05	1.2171e-03	1.2171e-03	1.2171e-03	1.2171e-03	1.2171e-03	1.2171e-03	1.2171e-03	1.2171e-03	1.2171e-03	1.2171e-03	1.2172e-03	1.2172e-03	1.2172e-03	1.2172e-03	1.2172e-03	1.2173e-03	1.2173e-03	1.2173e-03
1.230269e-05	1.2171e-03	1.2171e-03	1.2171e-03	1.2171e-03	1.2171e-03	1.2171e-03	1.2171e-03	1.2171e-03	1.2171e-03	1.2171e-03	1.2172e-03	1.2172e-03	1.2172e-03	1.2172e-03	1.2173e-03	1.2173e-03	1.2173e-03	1.2174e-03
1.318257e-05	1.2171e-03	1.2171e-03	1.2171e-03	1.2171e-03	1.2171e-03	1.2171e-03	1.2171e-03	1.2171e-03	1.2171e-03	1.2172e-03	1.2172e-03	1.2172e-03	1.2172e-03	1.2172e-03	1.2173e-03	1.2173e-03	1.2173e-03	1.2174e-03
1.412538e-05	1.2171e-03	1.2171e-03	1.2171e-03	1.2171e-03	1.2171e-03	1.2171e-03	1.2171e-03	1.2171e-03	1.2172e-03	1.2172e-03	1.2172e-03	1.2172e-03	1.2172e-03	1.2173e-03	1.2173e-03	1.2173e-03	1.2174e-03	1.2174e-03
1.513561e-05	1.2171e-03	1.2171e-03	1.2171e-03	1.2171e-03	1.2171e-03	1.2171e-03	1.2171e-03	1.2172e-03	1.2172e-03	1.2172e-03	1.2172e-03	1.2172e-03	1.2173e-03	1.2173e-03	1.2173e-03	1.2174e-03	1.2174e-03	1.2175e-03
1.621810e-05	1.2171e-03	1.2171e-03	1.2171e-03	1.2171e-03	1.2171e-03	1.2171e-03	1.2171e-03	1.2172e-03	1.2172e-03	1.2172e-03	1.2172e-03	1.2173e-03	1.2173e-03	1.2173e-03	1.2173e-03	1.2174e-03	1.2174e-03	1.2175e-03
1.737801e-05	1.2171e-03	1.2171e-03	1.2171e-03	1.2171e-03	1.2171e-03	1.2171e-03	1.2172e-03	1.2172e-03	1.2172e-03	1.2172e-03	1.2172e-03	1.2173e-03	1.2173e-03	1.2173e-03	1.2174e-03	1.2174e-03	1.2175e-03	1.2175e-03
1.862087e-05	1.2171e-03	1.2171e-03	1.2171e-03	1.2171e-03	1.2171e-03	1.2171e-03	1.2172e-03	1.2172e-03	1.2172e-03	1.2172e-03	1.2173e-03	1.2173e-03	1.2173e-03	1.2173e-03	1.2174e-03	1.2174e-03	1.2175e-03	1.2176e-03
1.995262e-05	1.2171e-03	1.2171e-03	1.2171e-03	1.2171e-03	1.2171e-03	1.2172e-03	1.2172e-03	1.2172e-03	1.2172e-03	1.2172e-03	1.2173e-03	1.2173e-03	1.2173e-03	1.2174e-03	1.2174e-03	1.2175e-03	1.2175e-03	1.2176e-03
2.137962e-05	1.2171e-03	1.2171e-03	1.2171e-03	1.2171e-03	1.2171e-03	1.2172e-03	1.2172e-03	1.2172e-03	1.2172e-03	1.2173e-03	1.2173e-03	1.2173e-03	1.2174e-03	1.2174e-03	1.2175e-03	1.2175e-03	1.2176e-03	1.2176e-03
2.290868e-05	1.2171e-03	1.2171e-03	1.2171e-03	1.2171e-03	1.2172e-03	1.2172e-03	1.2172e-03	1.2172e-03	1.2173e-03	1.2173e-03	1.2173e-03	1.2174e-03	1.2174e-03	1.2174e-03	1.2175e-03	1.2175e-03	1.2176e-03	1.2177e-03
2.454709e-05	1.2171e-03	1.2171e-03	1.2172e-03	1.2172e-03	1.2172e-03	1.2172e-03	1.2172e-03	1.2172e-03	1.2173e-03	1.2173e-03	1.2173e-03	1.2174e-03	1.2174e-03	1.2175e-03	1.2175e-03	1.2176e-03	1.2176e-03	1.2177e-03
2.630268e-05	1.2172e-03	1.2172e-03	1.2172e-03	1.2172e-03	1.2172e-03	1.2172e-03	1.2172e-03	1.2173e-03	1.2173e-03	1.2173e-03	1.2174e-03	1.2174e-03	1.2175e-03	1.2175e-03	1.2176e-03	1.2176e-03	1.2177e-03	1.2178e-03
2.818383e-05	1.2172e-03	1.2172e-03	1.2172e-03	1.2172e-03	1.2172e-03	1.2172e-03	1.2173e-03	1.2173e-03	1.2173e-03	1.2173e-03	1.2174e-03	1.2174e-03	1.2175e-03	1.2175e-03	1.2176e-03	1.2177e-03	1.2177e-03	1.2179e-03
3.019952e-05	1.2172e-03	1.2172e-03	1.2172e-03	1.2172e-03	1.2172e-03	1.2172e-03	1.2173e-03	1.2173e-03	1.2173e-03	1.2174e-03	1.2174e-03	1.2175e-03	1.2175e-03	1.2176e-03	1.2176e-03	1.2177e-03	1.2178e-03	1.2179e-03
3.235937e-05	1.2172e-03	1.2172e-03	1.2172e-03	1.2172e-03	1.2172e-03	1.2173e-03	1.2173e-03	1.2173e-03	1.2174e-03	1.2174e-03	1.2175e-03	1.2175e-03	1.2176e-03	1.2176e-03	1.2177e-03	1.2178e-03	1.2178e-03	1.2180e-03
3.467369e-05	1.2172e-03	1.2172e-03	1.2172e-03	1.2172e-03	1.2172e-03	1.2173e-03	1.2173e-03	1.2173e-03	1.2174e-03	1.2174e-03	1.2175e-03	1.2175e-03	1.2176e-03	1.2177e-03	1.2177e-03	1.2178e-03	1.2179e-03	1.2180e-03
3.715352e-05	1.2172e-03	1.2172e-03	1.2172e-03	1.2172e-03	1.2173e-03	1.2173e-03	1.2173e-03	1.2174e-03	1.2174e-03	1.2175e-03	1.2175e-03	1.2176e-03	1.2176e-03	1.2177e-03	1.2178e-03	1.2179e-03	1.2180e-03	1.2181e-03
3.981072e-05	1.2172e-03	1.2172e-03	1.2172e-03	1.2173e-03	1.2173e-03	1.2173e-03	1.2174e-03	1.2174e-03	1.2174e-03	1.2175e-03	1.2176e-03	1.2176e-03	1.2177e-03	1.2177e-03	1.2179e-03	1.2179e-03	1.2180e-03	1.2182e-03
4.265795e-05	1.2173e-03	1.2173e-03	1.2173e-03	1.2173e-03	1.2173e-03	1.2173e-03	1.2174e-03	1.2174e-03	1.2175e-03	1.2175e-03	1.2176e-03	1.2177e-03	1.2177e-03	1.2178e-03	1.2179e-03	1.2180e-03	1.2181e-03	1.2183e-03
4.570882e-05	1.2173e-03	1.2173e-03	1.2173e-03	1.2173e-03	1.2173e-03	1.2174e-03	1.2174e-03	1.2175e-03	1.2175e-03	1.2176e-03	1.2176e-03	1.2177e-03	1.2178e-03	1.2179e-03	1.2180e-03	1.2181e-03	1.2182e-03	1.2184e-03
4.897788e-05	1.2173e-03	1.2173e-03	1.2173e-03	1.2173e-03	1.2173e-03	1.2174e-03	1.2174e-03	1.2175e-03	1.2175e-03	1.2176e-03	1.2177e-03	1.2178e-03	1.2178e-03	1.2179e-03	1.2180e-03	1.2182e-03	1.2183e-03	1.2185e-03
5.248075e-05	1.2173e-03	1.2173e-03	1.2173e-03	1.2173e-03	1.2174e-03	1.2174e-03	1.2175e-03	1.2175e-03	1.2176e-03	1.2176e-03	1.2177e-03	1.2178e-03	1.2179e-03	1.2180e-03	1.2181e-03	1.2182e-03	1.2184e-03	1.2186e-03
5.623413e-05	1.2173e-03	1.2173e-03	1.2173e-03	1.2174e-03	1.2174e-03	1.2174e-03	1.2175e-03	1.2176e-03	1.2176e-03	1.2177e-03	1.2178e-03	1.2179e-03	1.2180e-03	1.2181e-03	1.2182e-03	1.2183e-03	1.2185e-03	1.2187e-03
6.025596e-05	1.2174e-03	1.2174e-03	1.2174e-03	1.2174e-03	1.2174e-03	1.2175e-03	1.2175e-03	1.2176e-03	1.2177e-03	1.2177e-03	1.2179e-03	1.2179e-03	1.2180e-03	1.2181e-03	1.2183e-03	1.2184e-03	1.2186e-03	1.2188e-03
6.456542e-05	1.2174e-03	1.2174e-03	1.2174e-03	1.2174e-03	1.2174e-03	1.2175e-03	1.2176e-03	1.2176e-03	1.2177e-03	1.2178e-03	1.2179e-03	1.2180e-03	1.2181e-03	1.2182e-03	1.2184e-03	1.2185e-03	1.2187e-03	1.2190e-03
6.918310e-05	1.2174e-03	1.2174e-03	1.2174e-03	1.2174e-03	1.2175e-03	1.2175e-03	1.2176e-03	1.2177e-03	1.2178e-03	1.2178e-03	1.2180e-03	1.2181e-03	1.2182e-03	1.2183e-03	1.2185e-03	1.2186e-03	1.2188e-03	1.2191e-03
7.413102e-05	1.2174e-03	1.2174e-03	1.2175e-03	1.2175e-03	1.2175e-03	1.2176e-03	1.2177e-03	1.2177e-03	1.2178e-03	1.2179e-03	1.2181e-03	1.2182e-03	1.2183e-03	1.2184e-03	1.2186e-03	1.2188e-03	1.2189e-03	1.2192e-03
7.943282e-05	1.2175e-03	1.2175e-03	1.2175e-03	1.2175e-03	1.2175e-03	1.2176e-03	1.2177e-03	1.2178e-03	1.2179e-03	1.2180e-03	1.2181e-03	1.2182e-03	1.2184e-03	1.2185e-03	1.2187e-03	1.2189e-03	1.2191e-03	1.2194e-03
8.511380e-05	1.2175e-03	1.2175e-03	1.2175e-03	1.2175e-03	1.2176e-03	1.2177e-03	1.2178e-03	1.2179e-03	1.2179e-03	1.2180e-03	1.2182e-03	1.2183e-03	1.2185e-03	1.2186e-03	1.2188e-03	1.2190e-03	1.2192e-03	1.2196e-03
9.120108e-05	1.2175e-03	1.2175e-03	1.2176e-03	1.2176e-03	1.2176e-03	1.2177e-03	1.2178e-03	1.2179e-03	1.2180e-03	1.2181e-03	1.2183e-03	1.2184e-03	1.2186e-03	1.2187e-03	1.2190e-03	1.2192e-03	1.2194e-03	1.2198e-03
9.772372e-05	1.2176e-03	1.2176e-03	1.2176e-03	1.2176e-03	1.2177e-03	1.2178e-03	1.2179e-03	1.2180e-03	1.2181e-03	1.2182e-03	1.2184e-03	1.2185e-03	1.2187e-03	1.2188e-03	1.2191e-03	1.2193e-03	1.2195e-03	1.2200e-03
1.047129e-04	1.2176e-03	1.2176e-03	1.2177e-03	1.2177e-03	1.2177e-03	1.2178e-03	1.2179e-03	1.2181e-03	1.2182e-03	1.2183e-03	1.2185e-03	1.2186e-03	1.2188e-03	1.2190e-03	1.2192e-03	1.2195e-03	1.2197e-03	1.2202e-03
1.122018e-04	1.2177e-03	1.2177e-03	1.2177e-03	1.2177e-03	1.2178e-03	1.2179e-03	1.2180e-03	1.2181e-03	1.2182e-03	1.2184e-03	1.2186e-03	1.2188e-03	1.2189e-03	1.2191e-03	1.2194e-03	1.2197e-03	1.2199e-03	1.2204e-03
1.202264e-04	1.2177e-03	1.2177e-03	1.2177e-03	1.2178e-03	1.2178e-03	1.2180e-03	1.2181e-03	1.2182e-03	1.2183e-03	1.2185e-03	1.2187e-03	1.2189e-03	1.2191e-03	1.2193e-03	1.2196e-03	1.2199e-03	1.2201e-03	1.2206e-03
1.288250e-04	1.2178e-03	1.2178e-03	1.2178e-03	1.2178e-03	1.2179e-03	1.2180e-03	1.2182e-03	1.2183e-03	1.2184e-03	1.2186e-03	1.2188e-03	1.2190e-03	1.2192e-03	1.2194e-03	1.2198e-03	1.2201e-03	1.2203e-03	1.2209e-03
1.380384e-04	1.2178e-03	1.2178e-03	1.2179e-03	1.2179e-03	1.2180e-03	1.2181e-03	1.2182e-03	1.2184e-03	1.2185e-03	1.2187e-03	1.2190e-03	1.2192e-03	1.2194e-03	1.2196e-03	1.2200e-03	1.2203e-03	1.2206e-03	1.2212e-03
1.479108e-04	1.2179e-03	1.2179e-03	1.2179e-03	1.2179e-03	1.2180e-03	1.2182e-03	1.2183e-03	1.2185e-03	1.2186e-03	1.2188e-03	1.2191e-03	1.2193e-03	1.2196e-03	1.2198e-03	1.2202e-03	1.2205e-03	1.2208e-03	1.2215e-03
1.584893e-04	1.2179e-03	1.2180e-03	1.2180e-03	1.2180e-03	1.2181e-03	1.2183e-03	1.2184e-03	1.2186e-03	1.2188e-03	1.2189e-03	1.2192e-03	1.2195e-03	1.2197e-03	1.2200e-03	1.2204e-03	1.2208e-03	1.2211e-03	1.2218e-03
1.698244e-04	1.2180e-03	1.2180e-03	1.2181e-03	1.2181e-03	1.2182e-03	1.2183e-03	1.2185e-03	1.2187e-03	1.2189e-03	1.2191e-03	1.2194e-03	1.2197e-03	1.2199e-03	1.2202e-03	1.2206e-03	1.2210e-03	1.2214e-03	1.2221e-03
1.819701e-04	1.2181e-03	1.2181e-03	1.2181e-03	1.2182e-03	1.2183e-03	1.2184e-03	1.2186e-03	1.2188e-03	1.2190e-03	1.2192e-03	1.2196e-03	1.2199e-03	1.2202e-03	1.2204e-03	1.2209e-03	1.2213e-03	1.2217e-03	1.2225e-03
1.949845e-04	1.2182e-03	1.2182e-03	1.2182e-03	1.2183e-03	1.2183e-03	1.2185e-03	1.2188e-03	1.2190e-03	1.2192e-03	1.2194e-03	1.2198e-03	1.2201e-03	1.2204e-03	1.2207e-03	1.2212e-03	1.2216e-03	1.2221e-03	1.2229e-03
2.089296e-04	1.2182e-03	1.2183e-03	1.2183e-03	1.2183e-03	1.2184e-03	1.2187e-03	1.2189e-03	1.2191e-03	1.2193e-03	1.2195e-03	1.2200e-03	1.2203e-03	1.2206e-03	1.2209e-03	1.2215e-03	1.2220e-03	1.2224e-03	1.2233e-03
2.238721e-04	1.2183e-03	1.2183e-03	1.2184e-03	1.2184e-03	1.2185e-03	1.2188e-03	1.2190e-03	1.2193e-03	1.2195e-03	1.2197e-03	1.2202e-03	1.2205e-03	1.2209e-03	1.2212e-03	1.2218e-03	1.2223e-03	1.2228e-03	1.2238e-03
2.398833e-04	1.2184e-03	1.2184e-03	1.2185e-03	1.2185e-03	1.2187e-03	1.2189e-03	1.2192e-03	1.2194e-03	1.2197e-03	1.2199e-03	1.2204e-03	1.2208e-03	1.2212e-03	1.2215e-03	1.2221e-03	1.2227e-03	1.2232e-03	1.2243e-03
2.570396e-04	1.2185e-03	1.2185e-03	1.2186e-03	1.2186e-03	1.2188e-03	1.2190e-03	1.2193e-03	1.2196e-03	1.2199e-03	1.2201e-03	1.2206e-03	1.2210e-03	1.2214e-03	1.2218e-03	1.2225e-03	1.2231e-03	1.2237e-03	1.2248e-03
2.754229e-04	1.2186e-03	1.2187e-03	1.2187e-03	1.2188e-03	1.2189e-03	1.2192e-03	1.2195e-03	1.2198e-03	1.2201e-03	1.2204e-03	1.2209e-03	1.2213e-03	1.2218e-03	1.2222e-03	1.2229e-03	1.2235e-03	1.2242e-03	1.2253e-03
2.951209e-04	1.2187e-03	1.2188e-03	1.2188e-03	1.2189e-03	1.2190e-03	1.2193e-03	1.2197e-03	1.2200e-03	1.2203e-03	1.2206e-03	1.2212e-03	1.2216e-03	1.2221e-03	1.2225e-03	1.2233e-03	1.2240e-03	1.2247e-03	1.2259e-03
3.162278e-04	1.2189e-03	1.2189e-03	1.2190e-03	1.2190e-03	1.2192e-03	1.2195e-03	1.2198e-03	1.2202e-03	1.2205e-03	1.2208e-03	1.2215e-03	1.2220e-03	1.2225e-03	1.2229e-03	1.2238e-03	1.2245e-03	1.2252e-03	1.2266e-03
3.388442e-04	1.2190e-03	1.2190e-03	1.2191e-03	1.2192e-03	1.2193e-03	1.2197e-03	1.2200e-03	1.2204e-03	1.2208e-03	1.2211e-03	1.2218e-03	1.2223e-03	1.2229e-03	1.2234e-03	1.2243e-03	1.2250e-03	1.2258e-03	1.2272e-03
3.630781e-04	1.2191e-03	1.2192e-03	1.2193e-03	1.2193e-03	1.2195e-03	1.2199e-03	1.2203e-03	1.2207e-03	1.2210e-03	1.2214e-03	1.2221e-03	1.2227e-03	1.2233e-03	1.2238e-03	1.2248e-03	1.2256e-03	1.2264e-03	1.2280e-03
3.890451e-04	1.2193e-03	1.2193e-03	1.2194e-03	1.2195e-03	1.2197e-03	1.2201e-03	1.2205e-03	1.2209e-03	1.2213e-03	1.2217e-03	1.2225e-03	1.2231e-03	1.2237e-03	1.2243e-03	1.2253e-03	1.2262e-03	1.2271e-03	1.2288e-03
4.168694e-04	1.2195e-03	1.2195e-03	1.2196e-03	1.2197e-03	1.2199e-03	1.2203e-03	1.2208e-03	1.2212e-03	1.2216e-03	1.2221e-03	1.2229e-03	1.2235e-03	1.2242e-03	1.2248e-03	1.2259e-03	1.2269e-03	1.2278e-03	1.2296e-03
4.466836e-04	1.2196e-03	1.2197e-03	1.2198e-03	1.2199e-03	1.2201e-03	1.2205e-03	1.2210e-03	1.2215e-03	1.2220e-03	1.2224e-03	1.2233e-03	1.2240e-03	1.2247e-03	1.2254e-03	1.2266e-03	1.2276e-03	1.2286e-03	1.2305e-03
4.786301e-04	1.2198e-03	1.2199e-03	1.2200e-03	1.2201e-03	1.2203e-03	1.2208e-03	1.2213e-03	1.2218e-03	1.2223e-03	1.2228e-03	1.2238e-03	1.2245e-03	1.2253e-03	1.2260e-03	1.2272e-03	1.2284e-03	1.2294e-03	1.2315e-03
5.128614e-04	1.2200e-03	1.2201e-03	1.2202e-03	1.2203e-03	1.2205e-03	1.2211e-03	1.2216e-03	1.2222e-03	1.2227e-03	1.2232e-03	1.2243e-03	1.2250e-03	1.2259e-03	1.2266e-03	1.2280e-03	1.2292e-03	1.2303e-03	1.2325e-03
5.495409e-04	1.2203e-03	1.2203e-03	1.2204e-03	1.2205e-03	1.2208e-03	1.2214e-03	1.2219e-03	1.2225e-03	1.2231e-03	1.2237e-03	1.2248e-03	1.2256e-03	1.2265e-03	1.2273e-03	1.2288e-03	1.2301e-03	1.2313e-03	1.2336e-03
5.888437e-04	1.2205e-03	1.2205e-03	1.2207e-03	1.2208e-03	1.2211e-03	1.2217e-03	1.2223e-03	1.2229e-03	1.2235e-03	1.2242e-03	1.2253e-03	1.2262e-03	1.2272e-03	1.2281e-03	1.2296e-03	1.2310e-03	1.2323e-03	1.2348e-03
6.309573e-04	1.2207e-03	1.2208e-03	1.2209e-03	1.2210e-03	1.2214e-03	1.2220e-03	1.2227e-03	1.2234e-03	1.2240e-03	1.2247e-03	1.2259e-03	1.2269e-03	1.2279e-03	1.2289e-03	1.2305e-03	1.2320e-03	1.2334e-03	1.2361e-03
6.760830e-04	1.2210e-03	1.2211e-03	1.2212e-03	1.2213e-03	1.2217e-03	1.2224e-03	1.2231e-03	1.2238e-03	1.2245e-03	1.2252e-03	1.2266e-03	1.2276e-03	1.2287e-03	1.2297e-03	1.2315e-03	1.2331e-03	1.2346e-03	1.2374e-03
7.244360e-04	1.2213e-03	1.2214e-03	1.2215e-03	1.2216e-03	1.2220e-03	1.2228e-03	1.2235e-03	1.2243e-03	1.2251e-03	1.2258e-03	1.2273e-03	1.2284e-03	1.2295e-03	1.2306e-03	1.2325e-03	1.2342e-03	1.2358e-03	1.2389e-03
7.762471e-04	1.2216e-03	1.2217e-03	1.2218e-03	1.2220e-03	1.2224e-03	1.2232e-03	1.2240e-03	1.2248e-03	1.2256e-03	1.2264e-03	1.2280e-03	1.2292e-03	1.2304e-03	1.2316e-03	1.2336e-03	1.2354e-03	1.2372e-03	1.2405e-03
8.317638e-04	1.2219e-03	1.2220e-03	1.2222e-03	1.2223e-03	1.2228e-03	1.2236e-03	1.2245e-03	1.2254e-03	1.2262e-03	1.2271e-03	1.2288e-03	1.2300e-03	1.2314e-03	1.2326e-03	1.2348e-03	1.2368e-03	1.2386e-03	1.2421e-03
8.912509e-04	1.2223e-03	1.2224e-03	1.2225e-03	1.2227e-03	1.2232e-03	1.2241e-03	1.2250e-03	1.2260e-03	1.2269e-03	1.2278e-03	1.2296e-03	1.2310e-03	1.2324e-03	1.2337e-03	1.2361e-03	1.2382e-03	1.2402e-03	1.2439e-03
9.549926e-04	1.2227e-03	1.2227e-03	1.2229e-03	1.2231e-03	1.2236e-03	1.2246e-03	1.2256e-03	1.2266e-03	1.2276e-03	1.2286e-03	1.2305e-03	1.2320e-03	1.2335e-03	1.2349e-03	1.2374e-03	1.2397e-03	1.2418e-03	1.2459e-03
1.023293e-03	1.2231e-03	1.2232e-03	1.2234e-03	1.2236e-03	1.2241e-03	1.2251e-03	1.2262e-03	1.2273e-03	1.2284e-03	1.2294e-03	1.2315e-03	1.2330e-03	1.2347e-03	1.2362e-03	1.2389e-03	1.2413e-03	1.2436e-03	1.2479e-03
1.096478e-03	1.2235e-03	1.2236e-03	1.2238e-03	1.2240e-03	1.2246e-03	1.2257e-03	1.2269e-03	1.2280e-03	1.2292e-03	1.2303e-03	1.2325e-03	1.2342e-03	1.2360e-03	1.2376e-03	1.2405e-03	1.2430e-03	1.2455e-03	1.2501e-03
1.174898e-03	1.2240e-03	1.2241e-03	1.2243e-03	1.2245e-03	1.2251e-03	1.2263e-03	1.2276e-03	1.2288e-03	1.2301e-03	1.2313e-03	1.2336e-03	1.2354e-03	1.2373e-03	1.2391e-03	1.2422e-03	1.2449e-03	1.2475e-03	1.2525e-03
1.258925e-03	1.2244e-03	1.2246e-03	1.2248e-03	1.2251e-03	1.2257e-03	1.2270e-03	1.2283e-03	1.2297e-03	1.2310e-03	1.2323e-03	1.2348e-03	1.2367e-03	1.2388e-03	1.2407e-03	1.2440e-03	1.2469e-03	1.2497e-03	1.2551e-03
1.348963e-03	1.2250e-03	1.2251e-03	1.2254e-03	1.2257e-03	1.2263e-03	1.2277e-03	1.2291e-03	1.2306e-03	1.2320e-03	1.2334e-03	1.2361e-03	1.2382e-03	1.2404e-03	1.2423e-03	1.2459e-03	1.2490e-03	1.2521e-03	1.2578e-03
1.445440e-03	1.2256e-03	1.2257e-03	1.2260e-03	1.2263e-03	1.2270e-03	1.2285e-03	1.2300e-03	1.2315e-03	1.2331e-03	1.2346e-03	1.2375e-03	1.2397e-03	1.2420e-03	1.2442e-03	1.2479e-03	1.2513e-03	1.2546e-03	1.2607e-03
1.548817e-03	1.2262e-03	1.2263e-03	1.2266e-03	1.2269e-03	1.2277e-03	1.2293e-03	1.2309e-03	1.2326e-03	1.2342e-03	1.2358e-03	1.2389e-03	1.2413e-03	1.2438e-03	1.2461e-03	1.2502e-03	1.2538e-03	1.2573e-03	1.2638e-03
1.659587e-03	1.2268e-03	1.2270e-03	1.2273e-03	1.2276e-03	1.2285e-03	1.2302e-03	1.2319e-03	1.2337e-03	1.2355e-03	1.2372e-03	1.2405e-03	1.2430e-03	1.2457e-03	1.2482e-03	1.2525e-03	1.2564e-03	1.2601e-03	1.2672e-03
1.778279e-03	1.2275e-03	1.2277e-03	1.2281e-03	1.2284e-03	1.2293e-03	1.2311e-03	1.2330e-03	1.2349e-03	1.2368e-03	1.2386e-03	1.2422e-03	1.2449e-03	1.2478e-03	1.2504e-03	1.2551e-03	1.2592e-03	1.2632e-03	1.2708e-03
1.905461e-03	1.2283e-03	1.2285e-03	1.2288e-03	1.2292e-03	1.2302e-03	1.2321e-03	1.2342e-03	1.2362e-03	1.2382e-03	1.2402e-03	1.2440e-03	1.2469e-03	1.2500e-03	1.2528e-03	1.2578e-03	1.2623e-03	1.2665e-03	1.2746e-03
2.041738e-03	1.2291e-03	1.2293e-03	1.2297e-03	1.2301e-03	1.2311e-03	1.2332e-03	1.2354e-03	1.2376e-03	1.2397e-03	1.2418e-03	1.2459e-03	1.2490e-03	1.2523e-03	1.2554e-03	1.2607e-03	1.2655e-03	1.2701e-03	1.2786e-03
2.187762e-03	1.2299e-03	1.2302e-03	1.2306e-03	1.2310e-03	1.2321e-03	1.2344e-03	1.2367e-03	1.2390e-03	1.2413e-03	1.2436e-03	1.2480e-03	1.2513e-03	1.2549e-03	1.2581e-03	1.2638e-03	1.2690e-03	1.2739e-03	1.2829e-03
2.344229e-03	1.2309e-03	1.2311e-03	1.2316e-03	1.2320e-03	1.2332e-03	1.2356e-03	1.2381e-03	1.2406e-03	1.2431e-03	1.2455e-03	1.2502e-03	1.2538e-03	1.2576e-03	1.2611e-03	1.2672e-03	1.2727e-03	1.2778e-03	1.2875e-03
2.511886e-03	1.2319e-03	1.2321e-03	1.2326e-03	1.2331e-03	1.2344e-03	1.2370e-03	1.2396e-03	1.2423e-03	1.2449e-03	1.2476e-03	1.2526e-03	1.2564e-03	1.2605e-03	1.2642e-03	1.2708e-03	1.2766e-03	1.2821e-03	1.2925e-03
2.691535e-03	1.2329e-03	1.2332e-03	1.2337e-03	1.2343e-03	1.2356e-03	1.2384e-03	1.2412e-03	1.2441e-03	1.2469e-03	1.2497e-03	1.2551e-03	1.2592e-03	1.2636e-03	1.2676e-03	1.2746e-03	1.2808e-03	1.2866e-03	1.2978e-03
2.884032e-03	1.2341e-03	1.2343e-03	1.2349e-03	1.2355e-03	1.2370e-03	1.2399e-03	1.2430e-03	1.2460e-03	1.2491e-03	1.2521e-03	1.2579e-03	1.2622e-03	1.2669e-03	1.2712e-03	1.2786e-03	1.2852e-03	1.2915e-03	1.3034e-03
3.090295e-03	1.2353e-03	1.2356e-03	1.2362e-03	1.2368e-03	1.2384e-03	1.2416e-03	1.2448e-03	1.2481e-03	1.2514e-03	1.2546e-03	1.2608e-03	1.2655e-03	1.2705e-03	1.2751e-03	1.2829e-03	1.2900e-03	1.2967e-03	1.3095e-03
3.311311e-03	1.2366e-03	1.2369e-03	1.2376e-03	1.2382e-03	1.2399e-03	1.2433e-03	1.2468e-03	1.2503e-03	1.2538e-03	1.2573e-03	1.2639e-03	1.2689e-03	1.2743e-03	1.2791e-03	1.2876e-03	1.2951e-03	1.3023e-03	1.3160e-03
3.548134e-03	1.2380e-03	1.2383e-03	1.2390e-03	1.2398e-03	1.2415e-03	1.2452e-03	1.2489e-03	1.2527e-03	1.2565e-03	1.2602e-03	1.2673e-03	1.2726e-03	1.2783e-03	1.2834e-03	1.2925e-03	1.3006e-03	1.3083e-03	1.3230e-03
3.801894e-03	1.2395e-03	1.2399e-03	1.2406e-03	1.2414e-03	1.2433e-03	1.2472e-03	1.2512e-03	1.2553e-03	1.2593e-03	1.2633e-03	1.2709e-03	1.2766e-03	1.2826e-03	1.2881e-03	1.2978e-03	1.3065e-03	1.3148e-03	1.3305e-03
4.073803e-03	1.2411e-03	1.2415e-03	1.2423e-03	1.2431e-03	1.2452e-03	1.2494e-03	1.2537e-03	1.2580e-03	1.2623e-03	1.2666e-03	1.2747e-03	1.2807e-03	1.2872e-03	1.2931e-03	1.3035e-03	1.3128e-03	1.3216e-03	1.3384e-03
4.365158e-03	1.2428e-03	1.2433e-03	1.2441e-03	1.2450e-03	1.2472e-03	1.2517e-03	1.2563e-03	1.2609e-03	1.2655e-03	1.2701e-03	1.2787e-03	1.2852e-03	1.2921e-03	1.2984e-03	1.3096e-03	1.3195e-03	1.3290e-03	1.3467e-03
4.677351e-03	1.2447e-03	1.2451e-03	1.2461e-03	1.2470e-03	1.2494e-03	1.2542e-03	1.2591e-03	1.2641e-03	1.2690e-03	1.2739e-03	1.2830e-03	1.2899e-03	1.2974e-03	1.3041e-03	1.3161e-03	1.3267e-03	1.3369e-03	1.3557e-03
5.011872e-03	1.2467e-03	1.2472e-03	1.2481e-03	1.2491e-03	1.2517e-03	1.2568e-03	1.2621e-03	1.2674e-03	1.2727e-03	1.2779e-03	1.2877e-03	1.2950e-03	1.3030e-03	1.3102e-03	1.3231e-03	1.3345e-03	1.3451e-03	1.3653e-03
5.370318e-03	1.2488e-03	1.2493e-03	1.2504e-03	1.2514e-03	1.2542e-03	1.2597e-03	1.2653e-03	1.2711e-03	1.2767e-03	1.2821e-03	1.2926e-03	1.3005e-03	1.3091e-03	1.3168e-03	1.3305e-03	1.3426e-03	1.3540e-03	1.3756e-03
5.754399e-03	1.2510e-03	1.2516e-03	1.2528e-03	1.2539e-03	1.2568e-03	1.2627e-03	1.2688e-03	1.2749e-03	1.2808e-03	1.2867e-03	1.2979e-03	1.3064e-03	1.3156e-03	1.3238e-03	1.3385e-03	1.3512e-03	1.3635e-03	1.3866e-03
6.165950e-03	1.2535e-03	1.2541e-03	1.2553e-03	1.2565e-03	1.2597e-03	1.2660e-03	1.2725e-03	1.2789e-03	1.2853e-03	1.2916e-03	1.3036e-03	1.3127e-03	1.3225e-03	1.3314e-03	1.3468e-03	1.3605e-03	1.3736e-03	1.3984e-03
6.606934e-03	1.2561e-03	1.2567e-03	1.2581e-03	1.2594e-03	1.2627e-03	1.2695e-03	1.2764e-03	1.2833e-03	1.2901e-03	1.2968e-03	1.3097e-03	1.3194e-03	1.3299e-03	1.3393e-03	1.3558e-03	1.3705e-03	1.3845e-03	1.4108e-03
7.079458e-03	1.2589e-03	1.2596e-03	1.2610e-03	1.2624e-03	1.2660e-03	1.2733e-03	1.2806e-03	1.2879e-03	1.2952e-03	1.3024e-03	1.3162e-03	1.3266e-03	1.3378e-03	1.3478e-03	1.3654e-03	1.3811e-03	1.3962e-03	1.4240e-03
7.585776e-03	1.2619e-03	1.2626e-03	1.2641e-03	1.2657e-03	1.2695e-03	1.2772e-03	1.2850e-03	1.2929e-03	1.3007e-03	1.3084e-03	1.3232e-03	1.3344e-03	1.3462e-03	1.3568e-03	1.3757e-03	1.3926e-03	1.4084e-03	1.4382e-03
8.128305e-03	1.2651e-03	1.2659e-03	1.2675e-03	1.2691e-03	1.2732e-03	1.2814e-03	1.2898e-03	1.2982e-03	1.3066e-03	1.3148e-03	1.3307e-03	1.3425e-03	1.3551e-03	1.3665e-03	1.3867e-03	1.4046e-03	1.4215e-03	1.4534e-03
8.709636e-03	1.2685e-03	1.2694e-03	1.2711e-03	1.2729e-03	1.2772e-03	1.2859e-03	1.2949e-03	1.3039e-03	1.3129e-03	1.3217e-03	1.3386e-03	1.3511e-03	1.3646e-03	1.3769e-03	1.3985e-03	1.4175e-03	1.4355e-03	1.4696e-03
9.332543e-03	1.2722e-03	1.2731e-03	1.2750e-03	1.2768e-03	1.2814e-03	1.2907e-03	1.3003e-03	1.3100e-03	1.3196e-03	1.3291e-03	1.3470e-03	1.3604e-03	1.3749e-03	1.3880e-03	1.4109e-03	1.4312e-03	1.4505e-03	1.4866e-03
1.000000e-02	1.2761e-03	1.2771e-03	1.2790e-03	1.2810e-03	1.2859e-03	1.2959e-03	1.3062e-03	1.3165e-03	1.3268e-03	1.3370e-03	1.3560e-03	1.3703e-03	1.3858e-03	1.3999e-03	1.4242e-03	1.4459e-03	1.4666e-03	1.5049e-03
1.980000e-02	1.3326e-03	1.3345e-03	1.3382e-03	1.3420e-03	1.3515e-03	1.3708e-03	1.3906e-03	1.4104e-03	1.4298e-03	1.4490e-03	1.4852e-03	1.5123e-03	1.5414e-03	1.5672e-03	1.6127e-03	1.6524e-03	1.6901e-03	1.7602e-03
2.960000e-02	1.3876e-03	1.3904e-03	1.3960e-03	1.4015e-03	1.4154e-03	1.4436e-03	1.4724e-03	1.5009e-03	1.5292e-03	1.5566e-03	1.6086e-03	1.6470e-03	1.6883e-03	1.7250e-03	1.7893e-03	1.8458e-03	1.8983e-03	1.9959e-03
3.940000e-02	1.4416e-03	1.4452e-03	1.4525e-03	1.4597e-03	1.4778e-03	1.5145e-03	1.5516e-03	1.5885e-03	1.6247e-03	1.6600e-03	1.7264e-03	1.7761e-03	1.8287e-03	1.8755e-03	1.9568e-03	2.0280e-03	2.0944e-03	2.2175e-03
4.920000e-02	1.4945e-03	1.4989e-03	1.5078e-03	1.5166e-03	1.5389e-03	1.5834e-03	1.6285e-03	1.6735e-03	1.7172e-03	1.7603e-03	1.8406e-03	1.8999e-03	1.9630e-03	2.0194e-03	2.1169e-03	2.2016e-03	2.2806e-03	2.4265e-03
5.900000e-02	1.5466e-03	1.5517e-03	1.5620e-03	1.5723e-03	1.5984e-03	1.6506e-03	1.7035e-03	1.7561e-03	1.8072e-03	1.8572e-03	1.9504e-03	2.0195e-03	2.0925e-03	2.1575e-03	2.2699e-03	2.3674e-03	2.4584e-03	2.6258e-03
6.880000e-02	1.5976e-03	1.6036e-03	1.6153e-03	1.6270e-03	1.6566e-03	1.7164e-03	1.7768e-03	1.8367e-03	1.8947e-03	1.9513e-03	2.0568e-03	2.1352e-03	2.2180e-03	2.2910e-03	2.4175e-03	2.5272e-03	2.6293e-03	2.8169e-03
7.860000e-02	1.6476e-03	1.6542e-03	1.6675e-03	1.6808e-03	1.7138e-03	1.7809e-03	1.8485e-03	1.9151e-03	1.9798e-03	2.0429e-03	2.1604e-03	2.2473e-03	2.3389e-03	2.4201e-03	2.5602e-03	2.6815e-03	2.7944e-03	3.0004e-03
8.840000e-02	1.6970e-03	1.7043e-03	1.7188e-03	1.7334e-03	1.7702e-03	1.8443e-03	1.9185e-03	1.9917e-03	2.0630e-03	2.1325e-03	2.2612e-03	2.3563e-03	2.4565e-03	2.5456e-03	2.6984e-03	2.8304e-03	2.9532e-03	3.1783e-03
9.820000e-02	1.7457e-03	1.7538e-03	1.7697e-03	1.7855e-03	1.8255e-03	1.9062e-03	1.9869e-03	2.0668e-03	2.1446e-03	2.2202e-03	2.3594e-03	2.4625e-03	2.5712e-03	2.6677e-03	2.8325e-03	2.9750e-03	3.1076e-03	3.3502e-03
1.080000e-01	1.7938e-03	1.8024e-03	1.8197e-03	1.8370e-03	1.8801e-03	1.9672e-03	2.0543e-03	2.1406e-03	2.2245e-03	2.3053e-03	2.4554e-03	2.5664e-03	2.6832e-03	2.7863e-03	2.9630e-03	3.1159e-03	3.2578e-03	3.5170e-03
1.178000e-01	1.8416e-03	1.8509e-03	1.8692e-03	1.8877e-03	1.9343e-03	2.0275e-03	2.1207e-03	2.2131e-03	2.3025e-03	2.3888e-03	2.5496e-03	2.6681e-03	2.7924e-03	2.9019e-03	3.0907e-03	3.2532e-03	3.4037e-03	3.6792e-03
1.276000e-01	1.8888e-03	1.8986e-03	1.9184e-03	1.9381e-03	1.9873e-03	2.0865e-03	2.1858e-03	2.2840e-03	2.3791e-03	2.4709e-03	2.6415e-03	2.7669e-03	2.8987e-03	3.0151e-03	3.2155e-03	3.3871e-03	3.5463e-03	3.8376e-03
1.374000e-01	1.9358e-03	1.9462e-03	1.9669e-03	1.9878e-03	2.0401e-03	2.1450e-03	2.2502e-03	2.3541e-03	2.4546e-03	2.5518e-03	2.7317e-03	2.8639e-03	3.0030e-03	3.1261e-03	3.3368e-03	3.5180e-03	3.6857e-03	3.9918e-03
1.472000e-01	1.9821e-03	1.9932e-03	2.0152e-03	2.0372e-03	2.0922e-03	2.2030e-03	2.3139e-03	2.4233e-03	2.5289e-03	2.6309e-03	2.8205e-03	2.9592e-03	3.1057e-03	3.2350e-03	3.4556e-03	3.6457e-03	3.8219e-03	4.1424e-03
1.570000e-01	2.0284e-03	2.0399e-03	2.0629e-03	2.0860e-03	2.1439e-03	2.2602e-03	2.3766e-03	2.4913e-03	2.6021e-03	2.7092e-03	2.9076e-03	3.0530e-03	3.2067e-03	3.3415e-03	3.5723e-03	3.7712e-03	3.9551e-03	4.2901e-03
1.668000e-01	2.0741e-03	2.0863e-03	2.1105e-03	2.1347e-03	2.1953e-03	2.3172e-03	2.4390e-03	2.5589e-03	2.6747e-03	2.7867e-03	2.9932e-03	3.1449e-03	3.3050e-03	3.4457e-03	3.6874e-03	3.8946e-03	4.0859e-03	4.4354e-03
1.766000e-01	2.1199e-03	2.1325e-03	2.1577e-03	2.1830e-03	2.2463e-03	2.3736e-03	2.5004e-03	2.6254e-03	2.7462e-03	2.8628e-03	3.0781e-03	3.2359e-03	3.4021e-03	3.5486e-03	3.7996e-03	4.0153e-03	4.2142e-03	4.5772e-03
1.864000e-01	2.1652e-03	2.1784e-03	2.2048e-03	2.2311e-03	2.2972e-03	2.4298e-03	2.5617e-03	2.6916e-03	2.8174e-03	2.9385e-03	3.1615e-03	3.3253e-03	3.4978e-03	3.6495e-03	3.9104e-03	4.1335e-03	4.3398e-03	4.7166e-03
1.962000e-01	2.2105e-03	2.2243e-03	2.2517e-03	2.2791e-03	2.3479e-03	2.4853e-03	2.6222e-03	2.7574e-03	2.8877e-03	3.0131e-03	3.2442e-03	3.4136e-03	3.5916e-03	3.7490e-03	4.0193e-03	4.2505e-03	4.4642e-03	4.8539e-03
2.060000e-01	2.2558e-03	2.2701e-03	2.2986e-03	2.3271e-03	2.3983e-03	2.5408e-03	2.6827e-03	2.8228e-03	2.9576e-03	3.0873e-03	3.3262e-03	3.5012e-03	3.6849e-03	3.8476e-03	4.1258e-03	4.3649e-03	4.5861e-03	4.9878e-03
2.158000e-01	2.3011e-03	2.3159e-03	2.3454e-03	2.3749e-03	2.4487e-03	2.5958e-03	2.7428e-03	2.8877e-03	3.0268e-03	3.1606e-03	3.4075e-03	3.5874e-03	3.7763e-03	3.9442e-03	4.2317e-03	4.4782e-03	4.7062e-03	5.1207e-03
2.256000e-01	2.3463e-03	2.3617e-03	2.3922e-03	2.4227e-03	2.4988e-03	2.6508e-03	2.8030e-03	2.9523e-03	3.0957e-03	3.2338e-03	3.4882e-03	3.6731e-03	3.8674e-03	4.0403e-03	4.3350e-03	4.5897e-03	4.8243e-03	5.2507e-03
2.354000e-01	2.3916e-03	2.4074e-03	2.4389e-03	2.4703e-03	2.5488e-03	2.7057e-03	2.8627e-03	3.0165e-03	3.1642e-03	3.3065e-03	3.5682e-03	3.7577e-03	3.9571e-03	4.1344e-03	4.4381e-03	4.6996e-03	4.9404e-03	5.3796e-03
2.452000e-01	2.4368e-03	2.4531e-03	2.4855e-03	2.5179e-03	2.5987e-03	2.7607e-03	2.9224e-03	3.0806e-03	3.2325e-03	3.3792e-03	3.6477e-03	3.8420e-03	4.0468e-03	4.2284e-03	4.5388e-03	4.8077e-03	5.0553e-03	5.5064e-03
2.550000e-01	2.4820e-03	2.4988e-03	2.5321e-03	2.5654e-03	2.6486e-03	2.8157e-03	2.9818e-03	3.1444e-03	3.3008e-03	3.4514e-03	3.7268e-03	3.9257e-03	4.1351e-03	4.3206e-03	4.6395e-03	4.9144e-03	5.1682e-03	5.6318e-03
2.648000e-01	2.5272e-03	2.5444e-03	2.5788e-03	2.6130e-03	2.6987e-03	2.8706e-03	3.0412e-03	3.2081e-03	3.3690e-03	3.5237e-03	3.8054e-03	4.0093e-03	4.2233e-03	4.4126e-03	4.7381e-03	5.0195e-03	5.2801e-03	5.7546e-03
2.746000e-01	2.5725e-03	2.5902e-03	2.6254e-03	2.6606e-03	2.7490e-03	2.9255e-03	3.1005e-03	3.2720e-03	3.4371e-03	3.5953e-03	3.8840e-03	4.0925e-03	4.3105e-03	4.5033e-03	4.8365e-03	5.1239e-03	5.3906e-03	5.8768e-03
2.844000e-01	2.6179e-03	2.6360e-03	2.6722e-03	2.7086e-03	2.7994e-03	2.9805e-03	3.1598e-03	3.3358e-03	3.5051e-03	3.6670e-03	3.9626e-03	4.1754e-03	4.3974e-03	4.5936e-03	4.9336e-03	5.2263e-03	5.4997e-03	5.9961e-03
2.942000e-01	2.6632e-03	2.6820e-03	2.7195e-03	2.7568e-03	2.8500e-03	3.0354e-03	3.2191e-03	3.3999e-03	3.5731e-03	3.7386e-03	4.0411e-03	4.2581e-03	4.4838e-03	4.6837e-03	5.0301e-03	5.3287e-03	5.6083e-03	6.1154e-03
3.040000e-01	2.7093e-03	2.7286e-03	2.7669e-03	2.8051e-03	2.9007e-03	3.0904e-03	3.2789e-03	3.4640e-03	3.6409e-03	3.8100e-03	4.1197e-03	4.3403e-03	4.5696e-03	4.7734e-03	5.1260e-03	5.4288e-03	5.7145e-03	6.2320e-03
3.138000e-01	2.7555e-03	2.7752e-03	2.8145e-03	2.8538e-03	2.9515e-03	3.1456e-03	3.3387e-03	3.5282e-03	3.7088e-03	3.8816e-03	4.1982e-03	4.4226e-03	4.6555e-03	4.8631e-03	5.2206e-03	5.5288e-03	5.8206e-03	6.3481e-03
3.236000e-01	2.8017e-03	2.8221e-03	2.8624e-03	2.9025e-03	3.0025e-03	3.2007e-03	3.3988e-03	3.5924e-03	3.7768e-03	3.9537e-03	4.2767e-03	4.5045e-03	4.7415e-03	4.9523e-03	5.3152e-03	5.6283e-03	5.9250e-03	6.4631e-03
3.334000e-01	2.8487e-03	2.8694e-03	2.9104e-03	2.9514e-03	3.0535e-03	3.2566e-03	3.4592e-03	3.6567e-03	3.8448e-03	4.0258e-03	4.3551e-03	4.5864e-03	4.8275e-03	5.0416e-03	5.4086e-03	5.7271e-03	6.0285e-03	6.5764e-03
3.432000e-01	2.8956e-03	2.9166e-03	2.9588e-03	3.0007e-03	3.1049e-03	3.3127e-03	3.5197e-03	3.7212e-03	3.9135e-03	4.0984e-03	4.4336e-03	4.6684e-03	4.9136e-03	5.1306e-03	5.5016e-03	5.8260e-03	6.1320e-03	6.6896e-03
3.530000e-01	2.9427e-03	2.9644e-03	3.0074e-03	3.0500e-03	3.1565e-03	3.3689e-03	3.5806e-03	3.7859e-03	3.9825e-03	4.1712e-03	4.5123e-03	4.7511e-03	4.9999e-03	5.2193e-03	5.5946e-03	5.9242e-03	6.2330e-03	6.8019e-03
3.628000e-01	2.9904e-03	3.0124e-03	3.0560e-03	3.0997e-03	3.2081e-03	3.4260e-03	3.6415e-03	3.8506e-03	4.0516e-03	4.2440e-03	4.5909e-03	4.8339e-03	5.0861e-03	5.3080e-03	5.6882e-03	6.0220e-03	6.3341e-03	6.9139e-03
3.726000e-01	3.0380e-03	3.0604e-03	3.1053e-03	3.1498e-03	3.2609e-03	3.4831e-03	3.7026e-03	3.9165e-03	4.1216e-03	4.3174e-03	4.6699e-03	4.9171e-03	5.1725e-03	5.3965e-03	5.7817e-03	6.1199e-03	6.4349e-03	7.0259e-03
3.824000e-01	3.0861e-03	3.1092e-03	3.1547e-03	3.1998e-03	3.3138e-03	3.5405e-03	3.7644e-03	3.9826e-03	4.1917e-03	4.3908e-03	4.7501e-03	5.0008e-03	5.2589e-03	5.4848e-03	5.8753e-03	6.2169e-03	6.5337e-03	7.1368e-03
3.922000e-01	3.1347e-03	3.1580e-03	3.2041e-03	3.2510e-03	3.3669e-03	3.5986e-03	3.8261e-03	4.0488e-03	4.2621e-03	4.4645e-03	4.8302e-03	5.0845e-03	5.3453e-03	5.5731e-03	5.9694e-03	6.3138e-03	6.6326e-03	7.2476e-03
4.020000e-01	3.1833e-03	3.2069e-03	3.2550e-03	3.3026e-03	3.4213e-03	3.6566e-03	3.8886e-03	4.1164e-03	4.3331e-03	4.5388e-03	4.9112e-03	5.1689e-03	5.4319e-03	5.6629e-03	6.0635e-03	6.4108e-03	6.7316e-03	7.3584e-03
4.118000e-01	3.2327e-03	3.2574e-03	3.3061e-03	3.3542e-03	3.4756e-03	3.7152e-03	3.9522e-03	4.1840e-03	4.4042e-03	4.6130e-03	4.9929e-03	5.2534e-03	5.5185e-03	5.7530e-03	6.1576e-03	6.5069e-03	6.8332e-03	7.4683e-03
4.216000e-01	3.2831e-03	3.3081e-03	3.3572e-03	3.4072e-03	3.5302e-03	3.7745e-03	4.0158e-03	4.2518e-03	4.4759e-03	4.6884e-03	5.0746e-03	5.3379e-03	5.6056e-03	5.8432e-03	6.2522e-03	6.6030e-03	6.9347e-03	7.5780e-03
4.314000e-01	3.3335e-03	3.3587e-03	3.4099e-03	3.4604e-03	3.5860e-03	3.8337e-03	4.0803e-03	4.3209e-03	4.5482e-03	4.7649e-03	5.1574e-03	5.4234e-03	5.6947e-03	5.9349e-03	6.3467e-03	6.6990e-03	7.0363e-03	7.6877e-03
4.412000e-01	3.3848e-03	3.4110e-03	3.4627e-03	3.5137e-03	3.6417e-03	3.8941e-03	4.1458e-03	4.3899e-03	4.6205e-03	4.8414e-03	5.2407e-03	5.5089e-03	5.7838e-03	6.0268e-03	6.4414e-03	6.7977e-03	7.1405e-03	7.7967e-03
4.510000e-01	3.4371e-03	3.4635e-03	3.5156e-03	3.5683e-03	3.6977e-03	3.9556e-03	4.2113e-03	4.4594e-03	4.6944e-03	4.9194e-03	5.3239e-03	5.5945e-03	5.8734e-03	6.1188e-03	6.5364e-03	6.8975e-03	7.2449e-03	7.9054e-03
4.608000e-01	3.4894e-03	3.5160e-03	3.5700e-03	3.6232e-03	3.7551e-03	4.0172e-03	4.2779e-03	4.5301e-03	4.7693e-03	4.9982e-03	5.4085e-03	5.6831e-03	5.9650e-03	6.2123e-03	6.6314e-03	6.9973e-03	7.3493e-03	8.0141e-03
4.706000e-01	3.5424e-03	3.5701e-03	3.6245e-03	3.6781e-03	3.8125e-03	4.0800e-03	4.3452e-03	4.6007e-03	4.8442e-03	5.0770e-03	5.4933e-03	5.7717e-03	6.0565e-03	6.3060e-03	6.7265e-03	7.0992e-03	7.4558e-03	8.1245e-03
4.804000e-01	3.5966e-03	3.6244e-03	3.6791e-03	3.7345e-03	3.8703e-03	4.1439e-03	4.4126e-03	4.6724e-03	4.9211e-03	5.1576e-03	5.5781e-03	5.8605e-03	6.1486e-03	6.3998e-03	6.8261e-03	7.2029e-03	7.5630e-03	8.2392e-03
4.902000e-01	3.6508e-03	3.6788e-03	3.7354e-03	3.7913e-03	3.9305e-03	4.2078e-03	4.4813e-03	4.7462e-03	4.9988e-03	5.2387e-03	5.6661e-03	5.9524e-03	6.2426e-03	6.4949e-03	6.9257e-03	7.3066e-03	7.6703e-03	8.3539e-03
5.000000e-01	3.7057e-03	3.7348e-03	3.7920e-03	3.8481e-03	3.9907e-03	4.2730e-03	4.5508e-03	4.8199e-03	5.0765e-03	5.3199e-03	5.7547e-03	6.0443e-03	6.3367e-03	6.5904e-03	7.0253e-03	7.4117e-03	7.7789e-03	8.4685e-03
5.098000e-01	3.7621e-03	3.7913e-03	3.8486e-03	3.9072e-03	4.0512e-03	4.3394e-03	4.6203e-03	4.8949e-03	5.1563e-03	5.4029e-03	5.8434e-03	6.1363e-03	6.4310e-03	6.6859e-03	7.1289e-03	7.5195e-03	7.8890e-03	8.5900e-03
5.196000e-01	3.8185e-03	3.8478e-03	3.9076e-03	3.9671e-03	4.1143e-03	4.4057e-03	4.6920e-03	4.9720e-03	5.2368e-03	5.4865e-03	5.9354e-03	6.2315e-03	6.5277e-03	6.7846e-03	7.2334e-03	7.6273e-03	7.9992e-03	8.7118e-03
5.294000e-01	3.8757e-03	3.9067e-03	3.9674e-03	4.0269e-03	4.1775e-03	4.4735e-03	4.7651e-03	5.0490e-03	5.3174e-03	5.5701e-03	6.0279e-03	6.3267e-03	6.6243e-03	6.8857e-03	7.3379e-03	7.7355e-03	8.1105e-03	8.8337e-03
5.392000e-01	3.9355e-03	3.9665e-03	4.0273e-03	4.0891e-03	4.2408e-03	4.5425e-03	4.8382e-03	5.1274e-03	5.4001e-03	5.6572e-03	6.1205e-03	6.4219e-03	6.7209e-03	6.9868e-03	7.4456e-03	7.8475e-03	8.2278e-03	8.9606e-03
5.490000e-01	3.9953e-03	4.0263e-03	4.0895e-03	4.1522e-03	4.3071e-03	4.6116e-03	4.9137e-03	5.2079e-03	5.4836e-03	5.7455e-03	6.2166e-03	6.5205e-03	6.8233e-03	7.0905e-03	7.5553e-03	7.9595e-03	8.3452e-03	9.0901e-03
5.588000e-01	4.0557e-03	4.0885e-03	4.1527e-03	4.2154e-03	4.3733e-03	4.6827e-03	4.9908e-03	5.2884e-03	5.5671e-03	5.8338e-03	6.3133e-03	6.6190e-03	6.9260e-03	7.1975e-03	7.6649e-03	8.0715e-03	8.4626e-03	9.2197e-03
5.686000e-01	4.1192e-03	4.1519e-03	4.2160e-03	4.2809e-03	4.4397e-03	4.7560e-03	5.0679e-03	5.3702e-03	5.6544e-03	5.9258e-03	6.4099e-03	6.7176e-03	7.0288e-03	7.3046e-03	7.7770e-03	8.1901e-03	8.5874e-03	9.3527e-03
5.784000e-01	4.1826e-03	4.2153e-03	4.2817e-03	4.3475e-03	4.5094e-03	4.8294e-03	5.1475e-03	5.4543e-03	5.7432e-03	6.0190e-03	6.5103e-03	6.8225e-03	7.1372e-03	7.4138e-03	7.8921e-03	8.3101e-03	8.7131e-03	9.4906e-03
5.882000e-01	4.2467e-03	4.2812e-03	4.3486e-03	4.4142e-03	4.5791e-03	4.9050e-03	5.2287e-03	5.5384e-03	5.8319e-03	6.1122e-03	6.6112e-03	6.9279e-03	7.2466e-03	7.5273e-03	8.0072e-03	8.4301e-03	8.8388e-03	9.6285e-03
5.980000e-01	4.3141e-03	4.3485e-03	4.4155e-03	4.4834e-03	4.6489e-03	4.9830e-03	5.3100e-03	5.6248e-03	5.9248e-03	6.2096e-03	6.7121e-03	7.0333e-03	7.3561e-03	7.6409e-03	8.1247e-03	8.5558e-03	8.9710e-03	9.7688e-03
6.078000e-01	4.3816e-03	4.4158e-03	4.4852e-03	4.5540e-03	4.7236e-03	5.0611e-03	5.3941e-03	5.7148e-03	6.0192e-03	6.3080e-03	6.8195e-03	7.1454e-03	7.4714e-03	7.7562e-03	8.2487e-03	8.6850e-03	9.1059e-03	9.9171e-03
6.176000e-01	4.4498e-03	4.4859e-03	4.5562e-03	4.6245e-03	4.7983e-03	5.1418e-03	5.4797e-03	5.8048e-03	6.1136e-03	6.4065e-03	6.9280e-03	7.2583e-03	7.5881e-03	7.8767e-03	8.3727e-03	8.8142e-03	9.2407e-03	1.0065e-02
6.274000e-01	4.5216e-03	4.5575e-03	4.6272e-03	4.6987e-03	4.8735e-03	5.2250e-03	5.5654e-03	5.8977e-03	6.2129e-03	6.5098e-03	7.0365e-03	7.3713e-03	7.7048e-03	7.9972e-03	8.4987e-03	8.9487e-03	9.3816e-03	1.0215e-02
6.372000e-01	4.5934e-03	4.6290e-03	4.7023e-03	4.7748e-03	4.9539e-03	5.3081e-03	5.6558e-03	5.9941e-03	6.3133e-03	6.6139e-03	7.1527e-03	7.4920e-03	7.8280e-03	8.1199e-03	8.6330e-03	9.0880e-03	9.5266e-03	1.0376e-02
6.470000e-01	4.6667e-03	4.7049e-03	4.7789e-03	4.8508e-03	5.0343e-03	5.3947e-03	5.7481e-03	6.0906e-03	6.4138e-03	6.7180e-03	7.2696e-03	7.6132e-03	7.9526e-03	8.2506e-03	8.7674e-03	9.2274e-03	9.6715e-03	1.0536e-02
6.568000e-01	4.7445e-03	4.7823e-03	4.8556e-03	4.9316e-03	5.1159e-03	5.4833e-03	5.8405e-03	6.1911e-03	6.5203e-03	6.8302e-03	7.3872e-03	7.7350e-03	8.0773e-03	8.3813e-03	8.9041e-03	9.3726e-03	9.8235e-03	1.0698e-02
6.666000e-01	4.8223e-03	4.8597e-03	4.9376e-03	5.0138e-03	5.2025e-03	5.5719e-03	5.9391e-03	6.2947e-03	6.6274e-03	6.9431e-03	7.5133e-03	7.8653e-03	8.2117e-03	8.5155e-03	9.0501e-03	9.5233e-03	9.9808e-03	1.0872e-02
6.764000e-01	4.9029e-03	4.9430e-03	5.0207e-03	5.0960e-03	5.2890e-03	5.6666e-03	6.0390e-03	6.3983e-03	6.7352e-03	7.0571e-03	7.6395e-03	7.9956e-03	8.3473e-03	8.6580e-03	9.1961e-03	9.6739e-03	1.0138e-02	1.1046e-02
6.862000e-01	4.9874e-03	5.0270e-03	5.1043e-03	5.1848e-03	5.3785e-03	5.7629e-03	6.1394e-03	6.5079e-03	6.8519e-03	7.1799e-03	7.7690e-03	8.1291e-03	8.4839e-03	8.8006e-03	9.3463e-03	9.8330e-03	1.0305e-02	1.1223e-02
6.960000e-01	5.0719e-03	5.1122e-03	5.1944e-03	5.2739e-03	5.4720e-03	5.8595e-03	6.2475e-03	6.6192e-03	6.9686e-03	7.3027e-03	7.9056e-03	8.2714e-03	8.6324e-03	8.9497e-03	9.5055e-03	9.9976e-03	1.0477e-02	1.1412e-02
7.058000e-01	5.1617e-03	5.2036e-03	5.2846e-03	5.3650e-03	5.5654e-03	5.9645e-03	6.3557e-03	6.7311e-03	7.0891e-03	7.4299e-03	8.0422e-03	8.4138e-03	8.7809e-03	9.1057e-03	9.6646e-03	1.0162e-02	1.0649e-02	1.1601e-02
7.156000e-01	5.2538e-03	5.2950e-03	5.3780e-03	5.4617e-03	5.6653e-03	6.0694e-03	6.4674e-03	6.8531e-03	7.2167e-03	7.5640e-03	8.1873e-03	8.5643e-03	8.9348e-03	9.2618e-03	9.8326e-03	1.0340e-02	1.0835e-02	1.1798e-02
7.254000e-01	5.3466e-03	5.3909e-03	5.4762e-03	5.5583e-03	5.7676e-03	6.1783e-03	6.5850e-03	6.9751e-03	7.3443e-03	7.6981e-03	8.3371e-03	8.7208e-03	9.0981e-03	9.4302e-03	1.0007e-02	1.0521e-02	1.1024e-02	1.2006e-02
7.352000e-01	5.4473e-03	5.4907e-03	5.5744e-03	5.6614e-03	5.8713e-03	6.2931e-03	6.7025e-03	7.1024e-03	7.4813e-03	7.8424e-03	8.4883e-03	8.8775e-03	9.2614e-03	9.6018e-03	1.0182e-02	1.0705e-02	1.1216e-02	1.2214e-02
7.450000e-01	5.5479e-03	5.5905e-03	5.6808e-03	5.7677e-03	5.9838e-03	6.4079e-03	6.8296e-03	7.2367e-03	7.6215e-03	7.9894e-03	8.6537e-03	9.0503e-03	9.4383e-03	9.7776e-03	1.0374e-02	1.0906e-02	1.1424e-02	1.2439e-02
7.548000e-01	5.6546e-03	5.7006e-03	5.7889e-03	5.8759e-03	6.0963e-03	6.5326e-03	6.9591e-03	7.3709e-03	7.7654e-03	8.1410e-03	8.8191e-03	9.2232e-03	9.6187e-03	9.9672e-03	1.0568e-02	1.1106e-02	1.1632e-02	1.2670e-02
7.646000e-01	5.7658e-03	5.8107e-03	5.9015e-03	5.9933e-03	6.2168e-03	6.6587e-03	7.0934e-03	7.5187e-03	7.9202e-03	8.3035e-03	8.9966e-03	9.4073e-03	9.8061e-03	1.0157e-02	1.0771e-02	1.1321e-02	1.1855e-02	1.2907e-02
7.744000e-01	5.8793e-03	5.9279e-03	6.0211e-03	6.1107e-03	6.3410e-03	6.7912e-03	7.2368e-03	7.6672e-03	8.0749e-03	8.4659e-03	9.1801e-03	9.5992e-03	1.0006e-02	1.0364e-02	1.0987e-02	1.1543e-02	1.2086e-02	1.3164e-02
7.842000e-01	6.0026e-03	6.0499e-03	6.1417e-03	6.2387e-03	6.4701e-03	6.9311e-03	7.3806e-03	7.8259e-03	8.2450e-03	8.6458e-03	9.3718e-03	9.7976e-03	1.0207e-02	1.0575e-02	1.1205e-02	1.1773e-02	1.2324e-02	1.3422e-02
7.940000e-01	6.1259e-03	6.1765e-03	6.2749e-03	6.3691e-03	6.6082e-03	7.0740e-03	7.5406e-03	7.9911e-03	8.4169e-03	8.8266e-03	9.5769e-03	1.0011e-02	1.0430e-02	1.0799e-02	1.1446e-02	1.2022e-02	1.2584e-02	1.3707e-02
8.038000e-01	6.2630e-03	6.3127e-03	6.4080e-03	6.5087e-03	6.7487e-03	7.2301e-03	7.7005e-03	8.1639e-03	8.6023e-03	9.0233e-03	9.7875e-03	1.0228e-02	1.0654e-02	1.1036e-02	1.1688e-02	1.2272e-02	1.2843e-02	1.3997e-02
8.136000e-01	6.4007e-03	6.4522e-03	6.5556e-03	6.6545e-03	6.9029e-03	7.3872e-03	7.8770e-03	8.3484e-03	8.7946e-03	9.2259e-03	1.0016e-02	1.0467e-02	1.0902e-02	1.1284e-02	1.1956e-02	1.2553e-02	1.3137e-02	1.4312e-02
8.234000e-01	6.5531e-03	6.6053e-03	6.7049e-03	6.8092e-03	7.0587e-03	7.5628e-03	8.0566e-03	8.5402e-03	9.0011e-03	9.4459e-03	1.0251e-02	1.0710e-02	1.1153e-02	1.1551e-02	1.2227e-02	1.2833e-02	1.3431e-02	1.4638e-02
8.332000e-01	6.7082e-03	6.7623e-03	6.8698e-03	6.9726e-03	7.2321e-03	7.7400e-03	8.2540e-03	8.7477e-03	9.2179e-03	9.6749e-03	1.0509e-02	1.0980e-02	1.1434e-02	1.1832e-02	1.2529e-02	1.3150e-02	1.3764e-02	1.4991e-02
8.430000e-01	6.8802e-03	6.9342e-03	7.0373e-03	7.1478e-03	7.4094e-03	7.9392e-03	8.4557e-03	8.9662e-03	9.4541e-03	9.9251e-03	1.0778e-02	1.1260e-02	1.1721e-02	1.2134e-02	1.2835e-02	1.3471e-02	1.4101e-02	1.5359e-02
8.528000e-01	7.0559e-03	7.1144e-03	7.2258e-03	7.3322e-03	7.6063e-03	8.1446e-03	8.6816e-03	9.2019e-03	9.7010e-03	1.0183e-02	1.1070e-02	1.1568e-02	1.2043e-02	1.2458e-02	1.3183e-02	1.3838e-02	1.4483e-02	1.5767e-02
8.626000e-01	7.2534e-03	7.3091e-03	7.4206e-03	7.5363e-03	7.8147e-03	8.3697e-03	8.9151e-03	9.4588e-03	9.9757e-03	1.0474e-02	1.1389e-02	1.1898e-02	1.2378e-02	1.2800e-02	1.3545e-02	1.4221e-02	1.4880e-02	1.6190e-02
8.724000e-01	7.4618e-03	7.5222e-03	7.6371e-03	7.7499e-03	8.0408e-03	8.6115e-03	9.1765e-03	9.7296e-03	1.0263e-02	1.0779e-02	1.1725e-02	1.2247e-02	1.2744e-02	1.3185e-02	1.3949e-02	1.4639e-02	1.5313e-02	1.6678e-02
8.822000e-01	7.6883e-03	7.7483e-03	7.8738e-03	7.9931e-03	8.2908e-03	8.8680e-03	9.4609e-03	1.0036e-02	1.0582e-02	1.1115e-02	1.2106e-02	1.2642e-02	1.3150e-02	1.3597e-02	1.4392e-02	1.5099e-02	1.5792e-02	1.7198e-02
8.920000e-01	7.9454e-03	8.0072e-03	8.1291e-03	8.2563e-03	8.5583e-03	9.1628e-03	9.7684e-03	1.0366e-02	1.0935e-02	1.1494e-02	1.2518e-02	1.3069e-02	1.3590e-02	1.4052e-02	1.4868e-02	1.5594e-02	1.6310e-02	1.7759e-02
9.018000e-01	8.2253e-03	8.2908e-03	8.4150e-03	8.5419e-03	8.8526e-03	9.4869e-03	1.0115e-02	1.0725e-02	1.1323e-02	1.1909e-02	1.2969e-02	1.3540e-02	1.4081e-02	1.4571e-02	1.5396e-02	1.6144e-02	1.6893e-02	1.8398e-02
9.116000e-01	8.5338e-03	8.6033e-03	8.7350e-03	8.8601e-03	9.1910e-03	9.8483e-03	1.0501e-02	1.1135e-02	1.1761e-02	1.2370e-02	1.3475e-02	1.4077e-02	1.4645e-02	1.5143e-02	1.6000e-02	1.6783e-02	1.7558e-02	1.9107e-02
9.214000e-01	8.8813e-03	8.9554e-03	9.0957e-03	9.2288e-03	9.5768e-03	1.0255e-02	1.0938e-02	1.1611e-02	1.2257e-02	1.2891e-02	1.4067e-02	1.4694e-02	1.5277e-02	1.5791e-02	1.6690e-02	1.7505e-02	1.8303e-02	1.9914e-02
9.312000e-01	9.2870e-03	9.3652e-03	9.5154e-03	9.6577e-03	1.0019e-02	1.0722e-02	1.1447e-02	1.2155e-02	1.2829e-02	1.3499e-02	1.4748e-02	1.5397e-02	1.6004e-02	1.6546e-02	1.7487e-02	1.8329e-02	1.9158e-02	2.0850e-02
9.410000e-01	9.7762e-03	9.8575e-03	1.0011e-02	1.0156e-02	1.0534e-02	1.1281e-02	1.2050e-02	1.2787e-02	1.3508e-02	1.4235e-02	1.5550e-02	1.6227e-02	1.6869e-02	1.7444e-02	1.8416e-02	1.9293e-02	2.0173e-02	2.1944e-02
9.508000e-01	1.0363e-02	1.0445e-02	1.0599e-02	1.0758e-02	1.1152e-02	1.1970e-02	1.2767e-02	1.3562e-02	1.4354e-02	1.5120e-02	1.6535e-02	1.7266e-02	1.7932e-02	1.8512e-02	1.9535e-02	2.0477e-02	2.1401e-02	2.3253e-02
9.606000e-01	1.1088e-02	1.1169e-02	1.1353e-02	1.1529e-02	1.1964e-02	1.2811e-02	1.3688e-02	1.4560e-02	1.5390e-02	1.6212e-02	1.7767e-02	1.8538e-02	1.9251e-02	1.9885e-02	2.0993e-02	2.1983e-02	2.2956e-02	2.4953e-02
9.704000e-01	1.2088e-02	1.2180e-02	1.2368e-02	1.2560e-02	1.3022e-02	1.3967e-02	1.4932e-02	1.5876e-02	1.6805e-02	1.7726e-02	1.9414e-02	2.0267e-02	2.1047e-02	2.1724e-02	2.2897e-02	2.3966e-02	2.5039e-02	2.7180e-02
9.802000e-01	1.3537e-02	1.3653e-02	1.3870e-02	1.4074e-02	1.4621e-02	1.5684e-02	1.6771e-02	1.7860e-02	1.8916e-02	1.9966e-02	2.1913e-02	2.2833e-02	2.3657e-02	2.4399e-02	2.5703e-02	2.6874e-02	2.8039e-02	3.0448e-02
9.900000e-01	1.6287e-02	1.6429e-02	1.6692e-02	1.6939e-02	1.7608e-02	1.8910e-02	2.0232e-02	2.1573e-02	2.2856e-02	2.4126e-02	2.6469e-02	2.7529e-02	2.8456e-02	2.9291e-02	3.0762e-02	3.2090e-02	3.3421e-02	3.6214e-02
9.900503e-01	1.6311e-02	1.6452e-02	1.6714e-02	1.6963e-02	1.7630e-02	1.8936e-02	2.0258e-02	2.1603e-02	2.2886e-02	2.4158e-02	2.6503e-02	2.7564e-02	2.8495e-02	2.9326e-02	3.0798e-02	3.2127e-02	3.3459e-02	3.6259e-02
9.901005e-01	1.6334e-02	1.6475e-02	1.6736e-02	1.6988e-02	1.7653e-02	1.8961e-02	2.0284e-02	2.1633e-02	2.2917e-02	2.4190e-02	2.6536e-02	2.7600e-02	2.8534e-02	2.9361e-02	3.0834e-02	3.2163e-02	3.3498e-02	3.6304e-02
9.901508e-01	1.6358e-02	1.6498e-02	1.6758e-02	1.7013e-02	1.7675e-02	1.8987e-02	2.0310e-02	2.1664e-02	2.2947e-02	2.4222e-02	2.6570e-02	2.7636e-02	2.8573e-02	2.9396e-02	3.0870e-02	3.2200e-02	3.3536e-02	3.6349e-02
9.902010e-01	1.6382e-02	1.6521e-02	1.6780e-02	1.7039e-02	1.7697e-02	1.9013e-02	2.0336e-02	2.1694e-02	2.2978e-02	2.4254e-02	2.6604e-02	2.7671e-02	2.8613e-02	2.9431e-02	3.0907e-02	3.2236e-02	3.3574e-02	3.6394e-02
9.902513e-01	1.6406e-02	1.6545e-02	1.6802e-02	1.7064e-02	1.7719e-02	1.9038e-02	2.0361e-02	2.1725e-02	2.3008e-02	2.4286e-02	2.6638e-02	2.7707e-02	2.8652e-02	2.9467e-02	3.0950e-02	3.2273e-02	3.3612e-02	3.6440e-02
9.903015e-01	1.6430e-02	1.6568e-02	1.6823e-02	1.7090e-02	1.7742e-02	1.9064e-02	2.0387e-02	2.1755e-02	2.3039e-02	2.4317e-02	2.6672e-02	2.7742e-02	2.8691e-02	2.9502e-02	3.0993e-02	3.2309e-02	3.3650e-02	3.6485e-02
9.903518e-01	1.6453e-02	1.6591e-02	1.6845e-02	1.7115e-02	1.7767e-02	1.9090e-02	2.0419e-02	2.1785e-02	2.3069e-02	2.4349e-02	2.6706e-02	2.7778e-02	2.8731e-02	2.9544e-02	3.1036e-02	3.2346e-02	3.3688e-02	3.6530e-02
9.904020e-01	1.6477e-02	1.6614e-02	1.6867e-02	1.7141e-02	1.7794e-02	1.9115e-02	2.0450e-02	2.1816e-02	2.3100e-02	2.4381e-02	2.6740e-02	2.7814e-02	2.8770e-02	2.9588e-02	3.1079e-02	3.2387e-02	3.3726e-02	3.6575e-02
9.904523e-01	1.6501e-02	1.6637e-02	1.6889e-02	1.7166e-02	1.7820e-02	1.9141e-02	2.0482e-02	2.1846e-02	2.3130e-02	2.4413e-02	2.6774e-02	2.7849e-02	2.8809e-02	2.9631e-02	3.1122e-02	3.2431e-02	3.3765e-02	3.6620e-02
9.905025e-01	1.6525e-02	1.6660e-02	1.6911e-02	1.7191e-02	1.7847e-02	1.9166e-02	2.0514e-02	2.1877e-02	2.3161e-02	2.4445e-02	2.6808e-02	2.7885e-02	2.8848e-02	2.9675e-02	3.1165e-02	3.2476e-02	3.3803e-02	3.6665e-02
9.905528e-01	1.6549e-02	1.6683e-02	1.6933e-02	1.7217e-02	1.7874e-02	1.9192e-02	2.0545e-02	2.1907e-02	2.3191e-02	2.4477e-02	2.6842e-02	2.7921e-02	2.8888e-02	2.9718e-02	3.1208e-02	3.2520e-02	3.3841e-02	3.6710e-02
9.906030e-01	1.6572e-02	1.6706e-02	1.6957e-02	1.7242e-02	1.7901e-02	1.9218e-02	2.0577e-02	2.1937e-02	2.3222e-02	2.4509e-02	2.6876e-02	2.7956e-02	2.8927e-02	2.9762e-02	3.1251e-02	3.2565e-02	3.3879e-02	3.6755e-02
9.906533e-01	1.6596e-02	1.6730e-02	1.6983e-02	1.7268e-02	1.7927e-02	1.9243e-02	2.0609e-02	2.1968e-02	2.3252e-02	2.4544e-02	2.6911e-02	2.7992e-02	2.8966e-02	2.9805e-02	3.1294e-02	3.2610e-02	3.3924e-02	3.6800e-02
9.907035e-01	1.6620e-02	1.6753e-02	1.7010e-02	1.7293e-02	1.7954e-02	1.9269e-02	2.0641e-02	2.1998e-02	2.3283e-02	2.4583e-02	2.6953e-02	2.8028e-02	2.9005e-02	2.9849e-02	3.1337e-02	3.2654e-02	3.3972e-02	3.6845e-02
9.907538e-01	1.6644e-02	1.6776e-02	1.7037e-02	1.7319e-02	1.7981e-02	1.9295e-02	2.0672e-02	2.2029e-02	2.3313e-02	2.4622e-02	2.6994e-02	2.8063e-02	2.9045e-02	2.9892e-02	3.1380e-02	3.2699e-02	3.4019e-02	3.6890e-02
9.908040e-01	1.6668e-02	1.6799e-02	1.7064e-02	1.7344e-02	1.8008e-02	1.9320e-02	2.0704e-02	2.2059e-02	2.3344e-02	2.4662e-02	2.7035e-02	2.8099e-02	2.9084e-02	2.9936e-02	3.1423e-02	3.2743e-02	3.4067e-02	3.6935e-02
9.908543e-01	1.6691e-02	1.6822e-02	1.7091e-02	1.7370e-02	1.8034e-02	1.9346e-02	2.0736e-02	2.2089e-02	2.3374e-02	2.4701e-02	2.7076e-02	2.8135e-02	2.9123e-02	2.9979e-02	3.1466e-02	3.2788e-02	3.4115e-02	3.6980e-02
9.909045e-01	1.6715e-02	1.6845e-02	1.7118e-02	1.7395e-02	1.8061e-02	1.9371e-02	2.0767e-02	2.2120e-02	2.3405e-02	2.4740e-02	2.7117e-02	2.8170e-02	2.9163e-02	3.0023e-02	3.1508e-02	3.2832e-02	3.4163e-02	3.7025e-02
9.909548e-01	1.6739e-02	1.6868e-02	1.7145e-02	1.7420e-02	1.8088e-02	1.9397e-02	2.0799e-02	2.2150e-02	2.3439e-02	2.4779e-02	2.7159e-02	2.8214e-02	2.9202e-02	3.0066e-02	3.1551e-02	3.2877e-02	3.4211e-02	3.7070e-02
9.910050e-01	1.6763e-02	1.6891e-02	1.7172e-02	1.7446e-02	1.8114e-02	1.9423e-02	2.0831e-02	2.2181e-02	2.3478e-02	2.4819e-02	2.7200e-02	2.8259e-02	2.9241e-02	3.0110e-02	3.1594e-02	3.2921e-02	3.4259e-02	3.7115e-02
9.910553e-01	1.6787e-02	1.6914e-02	1.7199e-02	1.7471e-02	1.8141e-02	1.9448e-02	2.0862e-02	2.2211e-02	2.3516e-02	2.4858e-02	2.7241e-02	2.8304e-02	2.9280e-02	3.0153e-02	3.1637e-02	3.2966e-02	3.4307e-02	3.7161e-02
9.911055e-01	1.6810e-02	1.6938e-02	1.7226e-02	1.7497e-02	1.8168e-02	1.9476e-02	2.0894e-02	2.2241e-02	2.3555e-02	2.4897e-02	2.7282e-02	2.8348e-02	2.9320e-02	3.0197e-02	3.1680e-02	3.3011e-02	3.4355e-02	3.7212e-02
9.911558e-01	1.6834e-02	1.6964e-02	1.7253e-02	1.7522e-02	1.8195e-02	1.9509e-02	2.0926e-02	2.2272e-02	2.3593e-02	2.4936e-02	2.7324e-02	2.8393e-02	2.9359e-02	3.0240e-02	3.1723e-02	3.3055e-02	3.4403e-02	3.7266e-02
9.912060e-01	1.6858e-02	1.6992e-02	1.7279e-02	1.7548e-02	1.8221e-02	1.9541e-02	2.0958e-02	2.2302e-02	2.3632e-02	2.4976e-02	2.7365e-02	2.8438e-02	2.9398e-02	3.0284e-02	3.1766e-02	3.3100e-02	3.4450e-02	3.7320e-02
9.912563e-01	1.6882e-02	1.7021e-02	1.7306e-02	1.7573e-02	1.8248e-02	1.9574e-02	2.0989e-02	2.2333e-02	2.3670e-02	2.5015e-02	2.7406e-02	2.8483e-02	2.9438e-02	3.0327e-02	3.1809e-02	3.3144e-02	3.4498e-02	3.7373e-02
9.913065e-01	1.6905e-02	1.7049e-02	1.7333e-02	1.7599e-02	1.8275e-02	1.9607e-02	2.1021e-02	2.2363e-02	2.3709e-02	2.5054e-02	2.7447e-02	2.8527e-02	2.9477e-02	3.0371e-02	3.1852e-02	3.3189e-02	3.4546e-02	3.7427e-02
9.913568e-01	1.6929e-02	1.7078e-02	1.7360e-02	1.7624e-02	1.8302e-02	1.9640e-02	2.1053e-02	2.2401e-02	2.3747e-02	2.5093e-02	2.7489e-02	2.8572e-02	2.9519e-02	3.0414e-02	3.1895e-02	3.3233e-02	3.4594e-02	3.7481e-02
9.914070e-01	1.6954e-02	1.7106e-02	1.7387e-02	1.7649e-02	1.8328e-02	1.9672e-02	2.1084e-02	2.2438e-02	2.3786e-02	2.5133e-02	2.7530e-02	2.8617e-02	2.9567e-02	3.0458e-02	3.1938e-02	3.3278e-02	3.4642e-02	3.7535e-02
9.914573e-01	1.6984e-02	1.7135e-02	1.7414e-02	1.7675e-02	1.8355e-02	1.9705e-02	2.1116e-02	2.2475e-02	2.3824e-02	2.5172e-02	2.7571e-02	2.8661e-02	2.9616e-02	3.0501e-02	3.1981e-02	3.3322e-02	3.4690e-02	3.7589e-02
9.915075e-01	1.7013e-02	1.7163e-02	1.7441e-02	1.7700e-02	1.8382e-02	1.9738e-02	2.1148e-02	2.2513e-02	2.3863e-02	2.5211e-02	2.7612e-02	2.8706e-02	2.9665e-02	3.0544e-02	3.2024e-02	3.3367e-02	3.4738e-02	3.7643e-02
9.915578e-01	1.7043e-02	1.7192e-02	1.7468e-02	1.7726e-02	1.8408e-02	1.9771e-02	2.1179e-02	2.2550e-02	2.3901e-02	2.5250e-02	2.7654e-02	2.8751e-02	2.9714e-02	3.0588e-02	3.2067e-02	3.3411e-02	3.4786e-02	3.7697e-02
9.916080e-01	1.7072e-02	1.7220e-02	1.7495e-02	1.7752e-02	1.8435e-02	1.9803e-02	2.1211e-02	2.2587e-02	2.3940e-02	2.5290e-02	2.7695e-02	2.8796e-02	2.9762e-02	3.0631e-02	3.2110e-02	3.3456e-02	3.4833e-02	3.7751e-02
9.916583e-01	1.7101e-02	1.7249e-02	1.7522e-02	1.7782e-02	1.8462e-02	1.9836e-02	2.1243e-02	2.2625e-02	2.3978e-02	2.5329e-02	2.7736e-02	2.8840e-02	2.9811e-02	3.0675e-02	3.2152e-02	3.3501e-02	3.4881e-02	3.7805e-02
9.917085e-01	1.7131e-02	1.7277e-02	1.7548e-02	1.7813e-02	1.8489e-02	1.9869e-02	2.1275e-02	2.2662e-02	2.4017e-02	2.5368e-02	2.7777e-02	2.8885e-02	2.9860e-02	3.0718e-02	3.2195e-02	3.3545e-02	3.4929e-02	3.7859e-02
9.917588e-01	1.7160e-02	1.7306e-02	1.7575e-02	1.7843e-02	1.8515e-02	1.9902e-02	2.1306e-02	2.2699e-02	2.4055e-02	2.5407e-02	2.7818e-02	2.8930e-02	2.9908e-02	3.0762e-02	3.2238e-02	3.3590e-02	3.4977e-02	3.7913e-02
9.918090e-01	1.7189e-02	1.7334e-02	1.7602e-02	1.7874e-02	1.8542e-02	1.9934e-02	2.1338e-02	2.2737e-02	2.4094e-02	2.5447e-02	2.7860e-02	2.8975e-02	2.9957e-02	3.0805e-02	3.2281e-02	3.3634e-02	3.5025e-02	3.7966e-02
9.918593e-01	1.7219e-02	1.7363e-02	1.7629e-02	1.7905e-02	1.8569e-02	1.9967e-02	2.1373e-02	2.2774e-02	2.4132e-02	2.5486e-02	2.7901e-02	2.9019e-02	3.0006e-02	3.0849e-02	3.2324e-02	3.3679e-02	3.5073e-02	3.8020e-02
9.919095e-01	1.7248e-02	1.7391e-02	1.7656e-02	1.7935e-02	1.8597e-02	2.0000e-02	2.1411e-02	2.2811e-02	2.4171e-02	2.5525e-02	2.7942e-02	2.9064e-02	3.0055e-02	3.0892e-02	3.2368e-02	3.3723e-02	3.5121e-02	3.8074e-02
9.919598e-01	1.7277e-02	1.7420e-02	1.7683e-02	1.7966e-02	1.8630e-02	2.0033e-02	2.1449e-02	2.2848e-02	2.4209e-02	2.5564e-02	2.7983e-02	2.9109e-02	3.0103e-02	3.0943e-02	3.2421e-02	3.3768e-02	3.5169e-02	3.8128e-02
9.920101e-01	1.7307e-02	1.7448e-02	1.7710e-02	1.7996e-02	1.8664e-02	2.0065e-02	2.1487e-02	2.2886e-02	2.4248e-02	2.5603e-02	2.8025e-02	2.9153e-02	3.0152e-02	3.0995e-02	3.2474e-02	3.3812e-02	3.5217e-02	3.8182e-02
9.920603e-01	1.7336e-02	1.7476e-02	1.7737e-02	1.8027e-02	1.8697e-02	2.0098e-02	2.1525e-02	2.2923e-02	2.4286e-02	2.5643e-02	2.8066e-02	2.9198e-02	3.0201e-02	3.1047e-02	3.2526e-02	3.3857e-02	3.5264e-02	3.8236e-02
9.921106e-01	1.7365e-02	1.7505e-02	1.7767e-02	1.8058e-02	1.8730e-02	2.0131e-02	2.1563e-02	2.2960e-02	2.4325e-02	2.5682e-02	2.8107e-02	2.9243e-02	3.0249e-02	3.1099e-02	3.2579e-02	3.3904e-02	3.5312e-02	3.8290e-02
9.921608e-01	1.7395e-02	1.7533e-02	1.7799e-02	1.8088e-02	1.8763e-02	2.0164e-02	2.1601e-02	2.2998e-02	2.4363e-02	2.5728e-02	2.8148e-02	2.9288e-02	3.0298e-02	3.1151e-02	3.2632e-02	3.3961e-02	3.5360e-02	3.8344e-02
9.922111e-01	1.7424e-02	1.7562e-02	1.7832e-02	1.8119e-02	1.8796e-02	2.0196e-02	2.1639e-02	2.3035e-02	2.4402e-02	2.5775e-02	2.8194e-02	2.9332e-02	3.0347e-02	3.1203e-02	3.2685e-02	3.4017e-02	3.5408e-02	3.8398e-02
9.922613e-01	1.7453e-02	1.7590e-02	1.7864e-02	1.8149e-02	1.8829e-02	2.0229e-02	2.1677e-02	2.3072e-02	2.4440e-02	2.5822e-02	2.8246e-02	2.9377e-02	3.0396e-02	3.1255e-02	3.2737e-02	3.4074e-02	3.5456e-02	3.8452e-02
9.923116e-01	1.7483e-02	1.7619e-02	1.7896e-02	1.8180e-02	1.8862e-02	2.0262e-02	2.1715e-02	2.3110e-02	2.4479e-02	2.5869e-02	2.8298e-02	2.9422e-02	3.0444e-02	3.1307e-02	3.2790e-02	3.4130e-02	3.5506e-02	3.8505e-02
9.923618e-01	1.7512e-02	1.7647e-02	1.7929e-02	1.8211e-02	1.8895e-02	2.0295e-02	2.1753e-02	2.3147e-02	2.4517e-02	2.5916e-02	2.8350e-02	2.9466e-02	3.0493e-02	3.1359e-02	3.2843e-02	3.4187e-02	3.5566e-02	3.8559e-02
9.924121e-01	1.7541e-02	1.7676e-02	1.7961e-02	1.8241e-02	1.8928e-02	2.0327e-02	2.1791e-02	2.3184e-02	2.4563e-02	2.5963e-02	2.8402e-02	2.9513e-02	3.0542e-02	3.1411e-02	3.2895e-02	3.4243e-02	3.5627e-02	3.8613e-02
9.924623e-01	1.7571e-02	1.7704e-02	1.7994e-02	1.8272e-02	1.8961e-02	2.0360e-02	2.1829e-02	2.3222e-02	2.4610e-02	2.6010e-02	2.8454e-02	2.9568e-02	3.0590e-02	3.1463e-02	3.2948e-02	3.4300e-02	3.5687e-02	3.8667e-02
9.925126e-01	1.7600e-02	1.7733e-02	1.8026e-02	1.8302e-02	1.8994e-02	2.0394e-02	2.1867e-02	2.3259e-02	2.4658e-02	2.6056e-02	2.8506e-02	2.9624e-02	3.0639e-02	3.1515e-02	3.3001e-02	3.4356e-02	3.5747e-02	3.8721e-02
9.925628e-01	1.7629e-02	1.7764e-02	1.8058e-02	1.8333e-02	1.9027e-02	2.0435e-02	2.1905e-02	2.3296e-02	2.4706e-02	2.6103e-02	2.8558e-02	2.9680e-02	3.0688e-02	3.1567e-02	3.3054e-02	3.4413e-02	3.5807e-02	3.8775e-02
9.926131e-01	1.7659e-02	1.7798e-02	1.8091e-02	1.8364e-02	1.9060e-02	2.0475e-02	2.1943e-02	2.3334e-02	2.4754e-02	2.6150e-02	2.8610e-02	2.9735e-02	3.0737e-02	3.1619e-02	3.3106e-02	3.4469e-02	3.5868e-02	3.8829e-02
9.926633e-01	1.7688e-02	1.7832e-02	1.8123e-02	1.8394e-02	1.9093e-02	2.0516e-02	2.1981e-02	2.3371e-02	2.4801e-02	2.6197e-02	2.8662e-02	2.9791e-02	3.0785e-02	3.1671e-02	3.3159e-02	3.4526e-02	3.5928e-02	3.8883e-02
9.927136e-01	1.7717e-02	1.7867e-02	1.8156e-02	1.8425e-02	1.9126e-02	2.0556e-02	2.2019e-02	2.3408e-02	2.4849e-02	2.6244e-02	2.8714e-02	2.9847e-02	3.0834e-02	3.1723e-02	3.3212e-02	3.4582e-02	3.5988e-02	3.8938e-02
9.927638e-01	1.7747e-02	1.7901e-02	1.8188e-02	1.8455e-02	1.9160e-02	2.0597e-02	2.2057e-02	2.3453e-02	2.4897e-02	2.6291e-02	2.8766e-02	2.9902e-02	3.0883e-02	3.1776e-02	3.3264e-02	3.4639e-02	3.6049e-02	3.9004e-02
9.928141e-01	1.7781e-02	1.7935e-02	1.8220e-02	1.8486e-02	1.9193e-02	2.0637e-02	2.2095e-02	2.3500e-02	2.4945e-02	2.6338e-02	2.8818e-02	2.9958e-02	3.0938e-02	3.1828e-02	3.3317e-02	3.4695e-02	3.6109e-02	3.9071e-02
9.928643e-01	1.7817e-02	1.7970e-02	1.8253e-02	1.8517e-02	1.9226e-02	2.0678e-02	2.2133e-02	2.3548e-02	2.4992e-02	2.6385e-02	2.8870e-02	3.0014e-02	3.0996e-02	3.1880e-02	3.3370e-02	3.4752e-02	3.6169e-02	3.9137e-02
9.929146e-01	1.7852e-02	1.8004e-02	1.8285e-02	1.8547e-02	1.9259e-02	2.0719e-02	2.2171e-02	2.3595e-02	2.5040e-02	2.6432e-02	2.8922e-02	3.0069e-02	3.1054e-02	3.1932e-02	3.3423e-02	3.4808e-02	3.6229e-02	3.9204e-02
9.929648e-01	1.7888e-02	1.8038e-02	1.8318e-02	1.8578e-02	1.9292e-02	2.0759e-02	2.2209e-02	2.3643e-02	2.5088e-02	2.6479e-02	2.8974e-02	3.0125e-02	3.1113e-02	3.1984e-02	3.3475e-02	3.4865e-02	3.6290e-02	3.9270e-02
9.930151e-01	1.7923e-02	1.8073e-02	1.8350e-02	1.8613e-02	1.9325e-02	2.0800e-02	2.2247e-02	2.3690e-02	2.5136e-02	2.6525e-02	2.9026e-02	3.0180e-02	3.1171e-02	3.2036e-02	3.3528e-02	3.4921e-02	3.6350e-02	3.9337e-02
9.930653e-01	1.7958e-02	1.8107e-02	1.8382e-02	1.8651e-02	1.9358e-02	2.0840e-02	2.2285e-02	2.3738e-02	2.5183e-02	2.6572e-02	2.9077e-02	3.0236e-02	3.1230e-02	3.2088e-02	3.3581e-02	3.4978e-02	3.6410e-02	3.9403e-02
9.931156e-01	1.7994e-02	1.8141e-02	1.8415e-02	1.8689e-02	1.9391e-02	2.0881e-02	2.2323e-02	2.3785e-02	2.5231e-02	2.6619e-02	2.9129e-02	3.0292e-02	3.1288e-02	3.2140e-02	3.3633e-02	3.5035e-02	3.6471e-02	3.9470e-02
9.931658e-01	1.8029e-02	1.8176e-02	1.8447e-02	1.8727e-02	1.9424e-02	2.0921e-02	2.2361e-02	2.3833e-02	2.5279e-02	2.6666e-02	2.9181e-02	3.0347e-02	3.1346e-02	3.2192e-02	3.3686e-02	3.5091e-02	3.6531e-02	3.9536e-02
9.932161e-01	1.8065e-02	1.8210e-02	1.8480e-02	1.8765e-02	1.9457e-02	2.0962e-02	2.2408e-02	2.3881e-02	2.5327e-02	2.6713e-02	2.9233e-02	3.0403e-02	3.1405e-02	3.2244e-02	3.3739e-02	3.5148e-02	3.6591e-02	3.9603e-02
9.932663e-01	1.8100e-02	1.8244e-02	1.8512e-02	1.8803e-02	1.9497e-02	2.1003e-02	2.2455e-02	2.3928e-02	2.5374e-02	2.6760e-02	2.9285e-02	3.0459e-02	3.1463e-02	3.2296e-02	3.3792e-02	3.5204e-02	3.6651e-02	3.9669e-02
9.933166e-01	1.8135e-02	1.8279e-02	1.8544e-02	1.8841e-02	1.9540e-02	2.1043e-02	2.2502e-02	2.3976e-02	2.5422e-02	2.6807e-02	2.9337e-02	3.0514e-02	3.1521e-02	3.2348e-02	3.3844e-02	3.5261e-02	3.6712e-02	3.9736e-02
9.933668e-01	1.8171e-02	1.8313e-02	1.8577e-02	1.8879e-02	1.9582e-02	2.1084e-02	2.2549e-02	2.4023e-02	2.5470e-02	2.6854e-02	2.9389e-02	3.0570e-02	3.1580e-02	3.2409e-02	3.3898e-02	3.5317e-02	3.6772e-02	3.9802e-02
9.934171e-01	1.8206e-02	1.8347e-02	1.8614e-02	1.8917e-02	1.9625e-02	2.1124e-02	2.2596e-02	2.4071e-02	2.5517e-02	2.6901e-02	2.9441e-02	3.0626e-02	3.1638e-02	3.2473e-02	3.3966e-02	3.5374e-02	3.6832e-02	3.9869e-02
9.934673e-01	1.8242e-02	1.8382e-02	1.8655e-02	1.8955e-02	1.9668e-02	2.1165e-02	2.2643e-02	2.4118e-02	2.5565e-02	2.6958e-02	2.9493e-02	3.0681e-02	3.1697e-02	3.2537e-02	3.4033e-02	3.5430e-02	3.6893e-02	3.9935e-02
9.935176e-01	1.8277e-02	1.8416e-02	1.8695e-02	1.8993e-02	1.9711e-02	2.1205e-02	2.2690e-02	2.4166e-02	2.5613e-02	2.7016e-02	2.9555e-02	3.0737e-02	3.1755e-02	3.2602e-02	3.4101e-02	3.5487e-02	3.6953e-02	4.0002e-02
9.935678e-01	1.8312e-02	1.8450e-02	1.8735e-02	1.9032e-02	1.9753e-02	2.1246e-02	2.2737e-02	2.4213e-02	2.5661e-02	2.7073e-02	2.9620e-02	3.0793e-02	3.1813e-02	3.2666e-02	3.4168e-02	3.5556e-02	3.7013e-02	4.0068e-02
9.936181e-01	1.8348e-02	1.8485e-02	1.8776e-02	1.9070e-02	1.9796e-02	2.1287e-02	2.2784e-02	2.4261e-02	2.5713e-02	2.7131e-02	2.9685e-02	3.0848e-02	3.1872e-02	3.2730e-02	3.4235e-02	3.5628e-02	3.7073e-02	4.0134e-02
9.936683e-01	1.8383e-02	1.8519e-02	1.8816e-02	1.9108e-02	1.9839e-02	2.1327e-02	2.2831e-02	2.4308e-02	2.5770e-02	2.7189e-02	2.9750e-02	3.0905e-02	3.1930e-02	3.2794e-02	3.4303e-02	3.5700e-02	3.7134e-02	4.0201e-02
9.937186e-01	1.8418e-02	1.8553e-02	1.8856e-02	1.9146e-02	1.9882e-02	2.1371e-02	2.2877e-02	2.4356e-02	2.5828e-02	2.7246e-02	2.9815e-02	3.0971e-02	3.1989e-02	3.2858e-02	3.4370e-02	3.5772e-02	3.7198e-02	4.0267e-02
9.937688e-01	1.8454e-02	1.8588e-02	1.8897e-02	1.9184e-02	1.9924e-02	2.1420e-02	2.2924e-02	2.4403e-02	2.5885e-02	2.7304e-02	2.9880e-02	3.1038e-02	3.2047e-02	3.2923e-02	3.4438e-02	3.5844e-02	3.7272e-02	4.0334e-02
9.938191e-01	1.8489e-02	1.8630e-02	1.8937e-02	1.9222e-02	1.9967e-02	2.1469e-02	2.2971e-02	2.4451e-02	2.5942e-02	2.7361e-02	2.9945e-02	3.1105e-02	3.2105e-02	3.2987e-02	3.4505e-02	3.5915e-02	3.7345e-02	4.0400e-02
9.938693e-01	1.8525e-02	1.8673e-02	1.8977e-02	1.9260e-02	2.0010e-02	2.1517e-02	2.3018e-02	2.4499e-02	2.5999e-02	2.7419e-02	3.0010e-02	3.1172e-02	3.2164e-02	3.3051e-02	3.4572e-02	3.5987e-02	3.7418e-02	4.0467e-02
9.939196e-01	1.8560e-02	1.8716e-02	1.9017e-02	1.9298e-02	2.0053e-02	2.1566e-02	2.3065e-02	2.4551e-02	2.6057e-02	2.7477e-02	3.0075e-02	3.1238e-02	3.2222e-02	3.3115e-02	3.4640e-02	3.6059e-02	3.7492e-02	4.0533e-02
9.939698e-01	1.8597e-02	1.8759e-02	1.9058e-02	1.9336e-02	2.0095e-02	2.1615e-02	2.3112e-02	2.4610e-02	2.6114e-02	2.7534e-02	3.0140e-02	3.1305e-02	3.2281e-02	3.3179e-02	3.4707e-02	3.6131e-02	3.7565e-02	4.0600e-02
9.940201e-01	1.8641e-02	1.8801e-02	1.9098e-02	1.9374e-02	2.0138e-02	2.1664e-02	2.3159e-02	2.4670e-02	2.6171e-02	2.7592e-02	3.0204e-02	3.1372e-02	3.2339e-02	3.3243e-02	3.4775e-02	3.6203e-02	3.7639e-02	4.0666e-02
9.940704e-01	1.8686e-02	1.8844e-02	1.9138e-02	1.9412e-02	2.0181e-02	2.1713e-02	2.3206e-02	2.4729e-02	2.6229e-02	2.7649e-02	3.0269e-02	3.1439e-02	3.2406e-02	3.3308e-02	3.4842e-02	3.6275e-02	3.7712e-02	4.0733e-02
9.941206e-01	1.8730e-02	1.8887e-02	1.9179e-02	1.9450e-02	2.0224e-02	2.1762e-02	2.3253e-02	2.4789e-02	2.6286e-02	2.7707e-02	3.0334e-02	3.1506e-02	3.2478e-02	3.3372e-02	3.4909e-02	3.6346e-02	3.7786e-02	4.0807e-02
9.941709e-01	1.8774e-02	1.8930e-02	1.9219e-02	1.9494e-02	2.0266e-02	2.1811e-02	2.3300e-02	2.4848e-02	2.6343e-02	2.7765e-02	3.0399e-02	3.1572e-02	3.2550e-02	3.3436e-02	3.4977e-02	3.6418e-02	3.7859e-02	4.0892e-02
9.942211e-01	1.8818e-02	1.8973e-02	1.9259e-02	1.9543e-02	2.0309e-02	2.1860e-02	2.3347e-02	2.4908e-02	2.6401e-02	2.7822e-02	3.0464e-02	3.1639e-02	3.2622e-02	3.3500e-02	3.5044e-02	3.6490e-02	3.7932e-02	4.0977e-02
9.942714e-01	1.8862e-02	1.9015e-02	1.9300e-02	1.9593e-02	2.0352e-02	2.1908e-02	2.3394e-02	2.4967e-02	2.6458e-02	2.7880e-02	3.0529e-02	3.1706e-02	3.2694e-02	3.3564e-02	3.5111e-02	3.6562e-02	3.8006e-02	4.1063e-02
9.943216e-01	1.8906e-02	1.9058e-02	1.9340e-02	1.9642e-02	2.0396e-02	2.1957e-02	2.3447e-02	2.5026e-02	2.6515e-02	2.7937e-02	3.0594e-02	3.1773e-02	3.2766e-02	3.3629e-02	3.5179e-02	3.6634e-02	3.8079e-02	4.1148e-02
9.943719e-01	1.8950e-02	1.9101e-02	1.9380e-02	1.9692e-02	2.0450e-02	2.2006e-02	2.3508e-02	2.5086e-02	2.6573e-02	2.7995e-02	3.0659e-02	3.1840e-02	3.2838e-02	3.3693e-02	3.5246e-02	3.6706e-02	3.8153e-02	4.1233e-02
9.944221e-01	1.8995e-02	1.9144e-02	1.9421e-02	1.9741e-02	2.0503e-02	2.2055e-02	2.3568e-02	2.5145e-02	2.6630e-02	2.8053e-02	3.0724e-02	3.1906e-02	3.2911e-02	3.3757e-02	3.5314e-02	3.6777e-02	3.8226e-02	4.1319e-02
9.944724e-01	1.9039e-02	1.9187e-02	1.9461e-02	1.9791e-02	2.0557e-02	2.2104e-02	2.3629e-02	2.5205e-02	2.6687e-02	2.8110e-02	3.0789e-02	3.1973e-02	3.2983e-02	3.3821e-02	3.5381e-02	3.6849e-02	3.8299e-02	4.1404e-02
9.945226e-01	1.9083e-02	1.9229e-02	1.9512e-02	1.9840e-02	2.0610e-02	2.2153e-02	2.3689e-02	2.5264e-02	2.6744e-02	2.8168e-02	3.0854e-02	3.2040e-02	3.3055e-02	3.3885e-02	3.5448e-02	3.6921e-02	3.8373e-02	4.1489e-02
9.945729e-01	1.9127e-02	1.9272e-02	1.9564e-02	1.9890e-02	2.0664e-02	2.2202e-02	2.3750e-02	2.5324e-02	2.6802e-02	2.8240e-02	3.0922e-02	3.2107e-02	3.3127e-02	3.3966e-02	3.5522e-02	3.6993e-02	3.8446e-02	4.1575e-02
9.946231e-01	1.9171e-02	1.9315e-02	1.9617e-02	1.9939e-02	2.0717e-02	2.2251e-02	2.3810e-02	2.5383e-02	2.6859e-02	2.8314e-02	3.1000e-02	3.2173e-02	3.3199e-02	3.4048e-02	3.5608e-02	3.7065e-02	3.8520e-02	4.1660e-02
9.946734e-01	1.9215e-02	1.9358e-02	1.9669e-02	1.9989e-02	2.0771e-02	2.2299e-02	2.3871e-02	2.5442e-02	2.6920e-02	2.8387e-02	3.1078e-02	3.2240e-02	3.3271e-02	3.4131e-02	3.5694e-02	3.7137e-02	3.8593e-02	4.1745e-02
9.947236e-01	1.9259e-02	1.9401e-02	1.9722e-02	2.0038e-02	2.0824e-02	2.2348e-02	2.3931e-02	2.5502e-02	2.6991e-02	2.8461e-02	3.1156e-02	3.2307e-02	3.3343e-02	3.4214e-02	3.5781e-02	3.7216e-02	3.8667e-02	4.1831e-02
9.947739e-01	1.9304e-02	1.9443e-02	1.9775e-02	2.0087e-02	2.0877e-02	2.2406e-02	2.3992e-02	2.5561e-02	2.7062e-02	2.8535e-02	3.1234e-02	3.2377e-02	3.3416e-02	3.4296e-02	3.5867e-02	3.7304e-02	3.8740e-02	4.1916e-02
9.948241e-01	1.9348e-02	1.9492e-02	1.9827e-02	2.0137e-02	2.0931e-02	2.2467e-02	2.4052e-02	2.5621e-02	2.7133e-02	2.8608e-02	3.1312e-02	3.2459e-02	3.3488e-02	3.4379e-02	3.5953e-02	3.7392e-02	3.8813e-02	4.2001e-02
9.948744e-01	1.9392e-02	1.9548e-02	1.9880e-02	2.0186e-02	2.0984e-02	2.2528e-02	2.4113e-02	2.5680e-02	2.7203e-02	2.8682e-02	3.1391e-02	3.2542e-02	3.3560e-02	3.4461e-02	3.6040e-02	3.7479e-02	3.8887e-02	4.2087e-02
9.949246e-01	1.9436e-02	1.9604e-02	1.9932e-02	2.0236e-02	2.1038e-02	2.2589e-02	2.4173e-02	2.5751e-02	2.7274e-02	2.8756e-02	3.1469e-02	3.2625e-02	3.3632e-02	3.4544e-02	3.6126e-02	3.7567e-02	3.8968e-02	4.2172e-02
9.949749e-01	1.9484e-02	1.9660e-02	1.9985e-02	2.0285e-02	2.1091e-02	2.2650e-02	2.4234e-02	2.5822e-02	2.7345e-02	2.8829e-02	3.1547e-02	3.2707e-02	3.3704e-02	3.4627e-02	3.6212e-02	3.7655e-02	3.9061e-02	4.2257e-02
9.950251e-01	1.9542e-02	1.9716e-02	2.0038e-02	2.0335e-02	2.1145e-02	2.2710e-02	2.4294e-02	2.5894e-02	2.7416e-02	2.8903e-02	3.1625e-02	3.2790e-02	3.3776e-02	3.4709e-02	3.6298e-02	3.7742e-02	3.9154e-02	4.2343e-02
9.950754e-01	1.9600e-02	1.9772e-02	2.0090e-02	2.0384e-02	2.1198e-02	2.2771e-02	2.4354e-02	2.5966e-02	2.7487e-02	2.8977e-02	3.1703e-02	3.2872e-02	3.3848e-02	3.4792e-02	3.6385e-02	3.7830e-02	3.9247e-02	4.2428e-02
9.951256e-01	1.9658e-02	1.9828e-02	2.0143e-02	2.0445e-02	2.1252e-02	2.2832e-02	2.4415e-02	2.6037e-02	2.7558e-02	2.9050e-02	3.1781e-02	3.2955e-02	3.3929e-02	3.4874e-02	3.6471e-02	3.7918e-02	3.9340e-02	4.2513e-02
9.951759e-01	1.9716e-02	1.9884e-02	2.0195e-02	2.0508e-02	2.1305e-02	2.2893e-02	2.4475e-02	2.6109e-02	2.7628e-02	2.9124e-02	3.1859e-02	3.3038e-02	3.4022e-02	3.4957e-02	3.6557e-02	3.8005e-02	3.9433e-02	4.2599e-02
9.952261e-01	1.9773e-02	1.9940e-02	2.0248e-02	2.0570e-02	2.1360e-02	2.2954e-02	2.4538e-02	2.6181e-02	2.7699e-02	2.9198e-02	3.1937e-02	3.3120e-02	3.4115e-02	3.5039e-02	3.6644e-02	3.8093e-02	3.9526e-02	4.2684e-02
9.952764e-01	1.9831e-02	1.9996e-02	2.0300e-02	2.0632e-02	2.1425e-02	2.3015e-02	2.4615e-02	2.6252e-02	2.7770e-02	2.9272e-02	3.2015e-02	3.3203e-02	3.4208e-02	3.5122e-02	3.6730e-02	3.8181e-02	3.9619e-02	4.2790e-02
9.953266e-01	1.9889e-02	2.0052e-02	2.0353e-02	2.0694e-02	2.1489e-02	2.3076e-02	2.4691e-02	2.6324e-02	2.7841e-02	2.9345e-02	3.2093e-02	3.3286e-02	3.4301e-02	3.5205e-02	3.6816e-02	3.8269e-02	3.9711e-02	4.2901e-02
9.953769e-01	1.9947e-02	2.0107e-02	2.0410e-02	2.0756e-02	2.1554e-02	2.3136e-02	2.4767e-02	2.6396e-02	2.7912e-02	2.9419e-02	3.2171e-02	3.3368e-02	3.4394e-02	3.5287e-02	3.6902e-02	3.8356e-02	3.9804e-02	4.3013e-02
9.954271e-01	2.0005e-02	2.0163e-02	2.0476e-02	2.0818e-02	2.1619e-02	2.3197e-02	2.4844e-02	2.6467e-02	2.7983e-02	2.9493e-02	3.2249e-02	3.3451e-02	3.4487e-02	3.5370e-02	3.6989e-02	3.8444e-02	3.9897e-02	4.3124e-02
9.954774e-01	2.0063e-02	2.0219e-02	2.0543e-02	2.0880e-02	2.1684e-02	2.3258e-02	2.4920e-02	2.6539e-02	2.8053e-02	2.9583e-02	3.2327e-02	3.3534e-02	3.4580e-02	3.5452e-02	3.7075e-02	3.8532e-02	3.9990e-02	4.3235e-02
9.955276e-01	2.0120e-02	2.0275e-02	2.0609e-02	2.0943e-02	2.1748e-02	2.3319e-02	2.4996e-02	2.6611e-02	2.8124e-02	2.9676e-02	3.2416e-02	3.3616e-02	3.4673e-02	3.5547e-02	3.7161e-02	3.8619e-02	4.0083e-02	4.3346e-02
9.955779e-01	2.0178e-02	2.0331e-02	2.0675e-02	2.1005e-02	2.1813e-02	2.3380e-02	2.5073e-02	2.6682e-02	2.8202e-02	2.9769e-02	3.2512e-02	3.3699e-02	3.4766e-02	3.5653e-02	3.7264e-02	3.8707e-02	4.0176e-02	4.3458e-02
9.956281e-01	2.0236e-02	2.0387e-02	2.0741e-02	2.1067e-02	2.1878e-02	2.3447e-02	2.5149e-02	2.6754e-02	2.8293e-02	2.9863e-02	3.2609e-02	3.3782e-02	3.4859e-02	3.5759e-02	3.7370e-02	3.8795e-02	4.0269e-02	4.3569e-02
9.956784e-01	2.0294e-02	2.0458e-02	2.0807e-02	2.1129e-02	2.1943e-02	2.3527e-02	2.5225e-02	2.6826e-02	2.8385e-02	2.9956e-02	3.2706e-02	3.3864e-02	3.4953e-02	3.5866e-02	3.7475e-02	3.8882e-02	4.0362e-02	4.3680e-02
9.957286e-01	2.0352e-02	2.0528e-02	2.0874e-02	2.1191e-02	2.2007e-02	2.3606e-02	2.5301e-02	2.6897e-02	2.8476e-02	3.0049e-02	3.2803e-02	3.3963e-02	3.5046e-02	3.5972e-02	3.7581e-02	3.8981e-02	4.0455e-02	4.3791e-02
9.957789e-01	2.0415e-02	2.0599e-02	2.0940e-02	2.1253e-02	2.2072e-02	2.3685e-02	2.5378e-02	2.6986e-02	2.8568e-02	3.0143e-02	3.2900e-02	3.4070e-02	3.5139e-02	3.6078e-02	3.7686e-02	3.9092e-02	4.0548e-02	4.3903e-02
9.958291e-01	2.0488e-02	2.0669e-02	2.1006e-02	2.1315e-02	2.2137e-02	2.3765e-02	2.5454e-02	2.7075e-02	2.8659e-02	3.0236e-02	3.2997e-02	3.4177e-02	3.5232e-02	3.6185e-02	3.7792e-02	3.9204e-02	4.0641e-02	4.4014e-02
9.958794e-01	2.0561e-02	2.0740e-02	2.1072e-02	2.1383e-02	2.2202e-02	2.3844e-02	2.5530e-02	2.7164e-02	2.8751e-02	3.0329e-02	3.3093e-02	3.4284e-02	3.5325e-02	3.6291e-02	3.7897e-02	3.9315e-02	4.0734e-02	4.4125e-02
9.959296e-01	2.0634e-02	2.0811e-02	2.1139e-02	2.1459e-02	2.2267e-02	2.3923e-02	2.5607e-02	2.7253e-02	2.8842e-02	3.0423e-02	3.3190e-02	3.4391e-02	3.5418e-02	3.6397e-02	3.8003e-02	3.9426e-02	4.0845e-02	4.4236e-02
9.959799e-01	2.0707e-02	2.0881e-02	2.1205e-02	2.1534e-02	2.2331e-02	2.4002e-02	2.5683e-02	2.7343e-02	2.8934e-02	3.0516e-02	3.3287e-02	3.4498e-02	3.5516e-02	3.6504e-02	3.8108e-02	3.9538e-02	4.0969e-02	4.4347e-02
9.960302e-01	2.0780e-02	2.0952e-02	2.1271e-02	2.1610e-02	2.2405e-02	2.4082e-02	2.5775e-02	2.7432e-02	2.9025e-02	3.0609e-02	3.3384e-02	3.4604e-02	3.5636e-02	3.6610e-02	3.8214e-02	3.9649e-02	4.1093e-02	4.4459e-02
9.960804e-01	2.0853e-02	2.1022e-02	2.1337e-02	2.1685e-02	2.2486e-02	2.4161e-02	2.5867e-02	2.7521e-02	2.9117e-02	3.0702e-02	3.3481e-02	3.4711e-02	3.5756e-02	3.6716e-02	3.8319e-02	3.9760e-02	4.1217e-02	4.4570e-02
9.961307e-01	2.0926e-02	2.1093e-02	2.1414e-02	2.1761e-02	2.2568e-02	2.4240e-02	2.5960e-02	2.7610e-02	2.9208e-02	3.0796e-02	3.3577e-02	3.4818e-02	3.5876e-02	3.6823e-02	3.8425e-02	3.9872e-02	4.1341e-02	4.4681e-02
9.961809e-01	2.0999e-02	2.1163e-02	2.1495e-02	2.1836e-02	2.2649e-02	2.4320e-02	2.6052e-02	2.7699e-02	2.9300e-02	3.0889e-02	3.3674e-02	3.4925e-02	3.5996e-02	3.6929e-02	3.8530e-02	3.9983e-02	4.1466e-02	4.4810e-02
9.962312e-01	2.1072e-02	2.1234e-02	2.1576e-02	2.1912e-02	2.2731e-02	2.4399e-02	2.6145e-02	2.7789e-02	2.9391e-02	3.1000e-02	3.3771e-02	3.5032e-02	3.6116e-02	3.7035e-02	3.8636e-02	4.0095e-02	4.1590e-02	4.4948e-02
9.962814e-01	2.1145e-02	2.1305e-02	2.1656e-02	2.1987e-02	2.2812e-02	2.4478e-02	2.6237e-02	2.7878e-02	2.9483e-02	3.1113e-02	3.3868e-02	3.5139e-02	3.6236e-02	3.7142e-02	3.8741e-02	4.0206e-02	4.1714e-02	4.5087e-02
9.963317e-01	2.1218e-02	2.1380e-02	2.1737e-02	2.2063e-02	2.2893e-02	2.4566e-02	2.6330e-02	2.7967e-02	2.9593e-02	3.1226e-02	3.3986e-02	3.5246e-02	3.6356e-02	3.7264e-02	3.8847e-02	4.0317e-02	4.1838e-02	4.5225e-02
9.963819e-01	2.1291e-02	2.1466e-02	2.1817e-02	2.2139e-02	2.2975e-02	2.4667e-02	2.6422e-02	2.8056e-02	2.9710e-02	3.1339e-02	3.4112e-02	3.5353e-02	3.6476e-02	3.7395e-02	3.8958e-02	4.0429e-02	4.1963e-02	4.5363e-02
9.964322e-01	2.1367e-02	2.1552e-02	2.1898e-02	2.2214e-02	2.3056e-02	2.4768e-02	2.6515e-02	2.8145e-02	2.9827e-02	3.1452e-02	3.4238e-02	3.5460e-02	3.6596e-02	3.7525e-02	3.9093e-02	4.0540e-02	4.2087e-02	4.5502e-02
9.964824e-01	2.1456e-02	2.1638e-02	2.1978e-02	2.2290e-02	2.3137e-02	2.4869e-02	2.6607e-02	2.8253e-02	2.9944e-02	3.1565e-02	3.4364e-02	3.5588e-02	3.6717e-02	3.7655e-02	3.9227e-02	4.0652e-02	4.2211e-02	4.5640e-02
9.965327e-01	2.1545e-02	2.1724e-02	2.2059e-02	2.2366e-02	2.3219e-02	2.4970e-02	2.6700e-02	2.8370e-02	3.0061e-02	3.1678e-02	3.4489e-02	3.5726e-02	3.6837e-02	3.7785e-02	3.9361e-02	4.0763e-02	4.2335e-02	4.5778e-02
9.965829e-01	2.1634e-02	2.1810e-02	2.2140e-02	2.2462e-02	2.3300e-02	2.5071e-02	2.6792e-02	2.8486e-02	3.0178e-02	3.1791e-02	3.4615e-02	3.5864e-02	3.6957e-02	3.7915e-02	3.9496e-02	4.0909e-02	4.2460e-02	4.5917e-02
9.966332e-01	2.1723e-02	2.1896e-02	2.2220e-02	2.2557e-02	2.3382e-02	2.5172e-02	2.6885e-02	2.8603e-02	3.0295e-02	3.1904e-02	3.4741e-02	3.6003e-02	3.7077e-02	3.8045e-02	3.9630e-02	4.1059e-02	4.2584e-02	4.6055e-02
9.966834e-01	2.1812e-02	2.1982e-02	2.2301e-02	2.2652e-02	2.3477e-02	2.5273e-02	2.6997e-02	2.8719e-02	3.0412e-02	3.2017e-02	3.4866e-02	3.6141e-02	3.7202e-02	3.8175e-02	3.9764e-02	4.1209e-02	4.2710e-02	4.6193e-02
9.967337e-01	2.1901e-02	2.2068e-02	2.2387e-02	2.2747e-02	2.3584e-02	2.5374e-02	2.7113e-02	2.8836e-02	3.0529e-02	3.2130e-02	3.4992e-02	3.6279e-02	3.7349e-02	3.8305e-02	3.9899e-02	4.1358e-02	4.2879e-02	4.6331e-02
9.967839e-01	2.1990e-02	2.2154e-02	2.2489e-02	2.2843e-02	2.3692e-02	2.5475e-02	2.7229e-02	2.8952e-02	3.0646e-02	3.2243e-02	3.5118e-02	3.6418e-02	3.7496e-02	3.8435e-02	4.0033e-02	4.1508e-02	4.3048e-02	4.6470e-02
9.968342e-01	2.2079e-02	2.2240e-02	2.2590e-02	2.2938e-02	2.3799e-02	2.5576e-02	2.7345e-02	2.9069e-02	3.0762e-02	3.2356e-02	3.5244e-02	3.6556e-02	3.7643e-02	3.8565e-02	4.0167e-02	4.1658e-02	4.3216e-02	4.6608e-02
9.968844e-01	2.2168e-02	2.2326e-02	2.2692e-02	2.3033e-02	2.3907e-02	2.5677e-02	2.7461e-02	2.9185e-02	3.0879e-02	3.2496e-02	3.5369e-02	3.6694e-02	3.7790e-02	3.8695e-02	4.0302e-02	4.1808e-02	4.3385e-02	4.6746e-02
9.969347e-01	2.2257e-02	2.2425e-02	2.2794e-02	2.3129e-02	2.4014e-02	2.5798e-02	2.7577e-02	2.9301e-02	3.1017e-02	3.2638e-02	3.5495e-02	3.6832e-02	3.7936e-02	3.8825e-02	4.0436e-02	4.1957e-02	4.3554e-02	4.6900e-02
9.969849e-01	2.2346e-02	2.2534e-02	2.2896e-02	2.3224e-02	2.4122e-02	2.5921e-02	2.7693e-02	2.9418e-02	3.1159e-02	3.2780e-02	3.5658e-02	3.6971e-02	3.8083e-02	3.8962e-02	4.0570e-02	4.2107e-02	4.3722e-02	4.7080e-02
9.970352e-01	2.2454e-02	2.2643e-02	2.2998e-02	2.3319e-02	2.4229e-02	2.6044e-02	2.7809e-02	2.9543e-02	3.1301e-02	3.2921e-02	3.5821e-02	3.7109e-02	3.8230e-02	3.9127e-02	4.0705e-02	4.2257e-02	4.3891e-02	4.7260e-02
9.970854e-01	2.2567e-02	2.2752e-02	2.3099e-02	2.3415e-02	2.4337e-02	2.6167e-02	2.7925e-02	2.9693e-02	3.1443e-02	3.3063e-02	3.5984e-02	3.7264e-02	3.8377e-02	3.9293e-02	4.0862e-02	4.2406e-02	4.4060e-02	4.7440e-02
9.971357e-01	2.2679e-02	2.2861e-02	2.3201e-02	2.3540e-02	2.4444e-02	2.6290e-02	2.8041e-02	2.9843e-02	3.1586e-02	3.3205e-02	3.6148e-02	3.7433e-02	3.8524e-02	3.9458e-02	4.1044e-02	4.2556e-02	4.4229e-02	4.7620e-02
9.971859e-01	2.2792e-02	2.2969e-02	2.3303e-02	2.3666e-02	2.4559e-02	2.6413e-02	2.8157e-02	2.9993e-02	3.1728e-02	3.3346e-02	3.6311e-02	3.7601e-02	3.8671e-02	3.9624e-02	4.1225e-02	4.2708e-02	4.4397e-02	4.7800e-02
9.972362e-01	2.2905e-02	2.3078e-02	2.3405e-02	2.3793e-02	2.4697e-02	2.6536e-02	2.8305e-02	3.0143e-02	3.1870e-02	3.3488e-02	3.6474e-02	3.7770e-02	3.8818e-02	3.9790e-02	4.1406e-02	4.2912e-02	4.4566e-02	4.7981e-02
9.972864e-01	2.3017e-02	2.3187e-02	2.3536e-02	2.3920e-02	2.4835e-02	2.6659e-02	2.8458e-02	3.0294e-02	3.2012e-02	3.3630e-02	3.6637e-02	3.7939e-02	3.8974e-02	3.9955e-02	4.1588e-02	4.3117e-02	4.4738e-02	4.8161e-02
9.973367e-01	2.3130e-02	2.3296e-02	2.3672e-02	2.4046e-02	2.4973e-02	2.6782e-02	2.8611e-02	3.0444e-02	3.2154e-02	3.3772e-02	3.6800e-02	3.8108e-02	3.9160e-02	4.0121e-02	4.1769e-02	4.3321e-02	4.4947e-02	4.8341e-02
9.973869e-01	2.3242e-02	2.3405e-02	2.3808e-02	2.4173e-02	2.5111e-02	2.6906e-02	2.8764e-02	3.0594e-02	3.2296e-02	3.3920e-02	3.6964e-02	3.8277e-02	3.9347e-02	4.0286e-02	4.1950e-02	4.3526e-02	4.5156e-02	4.8521e-02
9.974372e-01	2.3355e-02	2.3545e-02	2.3943e-02	2.4300e-02	2.5250e-02	2.7061e-02	2.8917e-02	3.0744e-02	3.2459e-02	3.4107e-02	3.7127e-02	3.8446e-02	3.9534e-02	4.0452e-02	4.2132e-02	4.3730e-02	4.5365e-02	4.8701e-02
9.974874e-01	2.3484e-02	2.3690e-02	2.4079e-02	2.4426e-02	2.5388e-02	2.7216e-02	2.9070e-02	3.0894e-02	3.2638e-02	3.4294e-02	3.7316e-02	3.8615e-02	3.9721e-02	4.0618e-02	4.2313e-02	4.3935e-02	4.5574e-02	4.8881e-02
9.975377e-01	2.3635e-02	2.3836e-02	2.4215e-02	2.4561e-02	2.5526e-02	2.7371e-02	2.9224e-02	3.1076e-02	3.2817e-02	3.4481e-02	3.7515e-02	3.8784e-02	3.9908e-02	4.0787e-02	4.2494e-02	4.4139e-02	4.5783e-02	4.9066e-02
9.975879e-01	2.3785e-02	2.3981e-02	2.4351e-02	2.4724e-02	2.5664e-02	2.7526e-02	2.9377e-02	3.1259e-02	3.2996e-02	3.4669e-02	3.7715e-02	3.8959e-02	4.0095e-02	4.1010e-02	4.2676e-02	4.4344e-02	4.5992e-02	4.9319e-02
9.976382e-01	2.3936e-02	2.4127e-02	2.4486e-02	2.4888e-02	2.5828e-02	2.7682e-02	2.9537e-02	3.1441e-02	3.3176e-02	3.4856e-02	3.7914e-02	3.9174e-02	4.0282e-02	4.1234e-02	4.2915e-02	4.4548e-02	4.6201e-02	4.9572e-02
9.976884e-01	2.4087e-02	2.4272e-02	2.4650e-02	2.5051e-02	2.5996e-02	2.7837e-02	2.9737e-02	3.1624e-02	3.3355e-02	3.5043e-02	3.8114e-02	3.9389e-02	4.0469e-02	4.1457e-02	4.3163e-02	4.4761e-02	4.6409e-02	4.9826e-02
9.977387e-01	2.4237e-02	2.4417e-02	2.4826e-02	2.5215e-02	2.6164e-02	2.7992e-02	2.9936e-02	3.1807e-02	3.3534e-02	3.5230e-02	3.8313e-02	3.9604e-02	4.0656e-02	4.1681e-02	4.3412e-02	4.5014e-02	4.6618e-02	5.0079e-02
9.977889e-01	2.4388e-02	2.4573e-02	2.5001e-02	2.5379e-02	2.6333e-02	2.8147e-02	3.0135e-02	3.1990e-02	3.3713e-02	3.5417e-02	3.8512e-02	3.9819e-02	4.0867e-02	4.1904e-02	4.3660e-02	4.5267e-02	4.6827e-02	5.0332e-02
9.978392e-01	2.4542e-02	2.4761e-02	2.5177e-02	2.5542e-02	2.6501e-02	2.8346e-02	3.0335e-02	3.2173e-02	3.3893e-02	3.5639e-02	3.8712e-02	4.0034e-02	4.1119e-02	4.2128e-02	4.3909e-02	4.5520e-02	4.7096e-02	5.0585e-02
9.978894e-01	2.4737e-02	2.4950e-02	2.5352e-02	2.5710e-02	2.6670e-02	2.8553e-02	3.0534e-02	3.2356e-02	3.4132e-02	3.5885e-02	3.8911e-02	4.0249e-02	4.1371e-02	4.2352e-02	4.4157e-02	4.5773e-02	4.7366e-02	5.0838e-02
9.979397e-01	2.4932e-02	2.5138e-02	2.5528e-02	2.5909e-02	2.6838e-02	2.8760e-02	3.0733e-02	3.2586e-02	3.4371e-02	3.6132e-02	3.9160e-02	4.0464e-02	4.1624e-02	4.2575e-02	4.4406e-02	4.6027e-02	4.7637e-02	5.1091e-02
9.979899e-01	2.5126e-02	2.5326e-02	2.5707e-02	2.6108e-02	2.7034e-02	2.8966e-02	3.0939e-02	3.2817e-02	3.4609e-02	3.6378e-02	3.9414e-02	4.0679e-02	4.1876e-02	4.2835e-02	4.4654e-02	4.6280e-02	4.7907e-02	5.1345e-02
9.980402e-01	2.5321e-02	2.5514e-02	2.5920e-02	2.6307e-02	2.7247e-02	2.9173e-02	3.1182e-02	3.3049e-02	3.4848e-02	3.6625e-02	3.9667e-02	4.0935e-02	4.2128e-02	4.3141e-02	4.4946e-02	4.6533e-02	4.8178e-02	5.1706e-02
9.980905e-01	2.5516e-02	2.5705e-02	2.6133e-02	2.6506e-02	2.7460e-02	2.9380e-02	3.1424e-02	3.3280e-02	3.5087e-02	3.6871e-02	3.9921e-02	4.1225e-02	4.2380e-02	4.3447e-02	4.5252e-02	4.6786e-02	4.8448e-02	5.2078e-02
9.981407e-01	2.5716e-02	2.5933e-02	2.6347e-02	2.6705e-02	2.7673e-02	2.9613e-02	3.1667e-02	3.3512e-02	3.5326e-02	3.7118e-02	4.0175e-02	4.1515e-02	4.2632e-02	4.3753e-02	4.5559e-02	4.7100e-02	4.8719e-02	5.2451e-02
9.981910e-01	2.5952e-02	2.6162e-02	2.6560e-02	2.6905e-02	2.7885e-02	2.9884e-02	3.1910e-02	3.3743e-02	3.5587e-02	3.7406e-02	4.0429e-02	4.1804e-02	4.2952e-02	4.4059e-02	4.5866e-02	4.7427e-02	4.8989e-02	5.2824e-02
9.982412e-01	2.6188e-02	2.6390e-02	2.6773e-02	2.7156e-02	2.8098e-02	3.0155e-02	3.2152e-02	3.4002e-02	3.5904e-02	3.7708e-02	4.0683e-02	4.2094e-02	4.3297e-02	4.4365e-02	4.6172e-02	4.7755e-02	4.9342e-02	5.3197e-02
9.982915e-01	2.6425e-02	2.6618e-02	2.7008e-02	2.7406e-02	2.8357e-02	3.0426e-02	3.2403e-02	3.4312e-02	3.6221e-02	3.8009e-02	4.0993e-02	4.2383e-02	4.3642e-02	4.4671e-02	4.6479e-02	4.8083e-02	4.9719e-02	5.3569e-02
9.983417e-01	2.6661e-02	2.6846e-02	2.7276e-02	2.7657e-02	2.8642e-02	3.0697e-02	3.2710e-02	3.4622e-02	3.6537e-02	3.8310e-02	4.1336e-02	4.2673e-02	4.3986e-02	4.5036e-02	4.6786e-02	4.8410e-02	5.0095e-02	5.3979e-02
9.983920e-01	2.6897e-02	2.7118e-02	2.7544e-02	2.7908e-02	2.8926e-02	3.0982e-02	3.3016e-02	3.4932e-02	3.6854e-02	3.8611e-02	4.1678e-02	4.3058e-02	4.4331e-02	4.5412e-02	4.7166e-02	4.8738e-02	5.0471e-02	5.4447e-02
9.984422e-01	2.7192e-02	2.7405e-02	2.7812e-02	2.8159e-02	2.9211e-02	3.1309e-02	3.3322e-02	3.5242e-02	3.7171e-02	3.8912e-02	4.2020e-02	4.3453e-02	4.4676e-02	4.5788e-02	4.7561e-02	4.9072e-02	5.0848e-02	5.4915e-02
9.984925e-01	2.7488e-02	2.7691e-02	2.8080e-02	2.8488e-02	2.9495e-02	3.1637e-02	3.3628e-02	3.5570e-02	3.7556e-02	3.9290e-02	4.2363e-02	4.3848e-02	4.5089e-02	4.6165e-02	4.7955e-02	4.9527e-02	5.1224e-02	5.5383e-02
9.985427e-01	2.7783e-02	2.7978e-02	2.8405e-02	2.8822e-02	2.9864e-02	3.1964e-02	3.3949e-02	3.5982e-02	3.7941e-02	3.9673e-02	4.2707e-02	4.4243e-02	4.5512e-02	4.6541e-02	4.8350e-02	4.9983e-02	5.1705e-02	5.5851e-02
9.985930e-01	2.8079e-02	2.8293e-02	2.8760e-02	2.9156e-02	3.0235e-02	3.2292e-02	3.4358e-02	3.6394e-02	3.8326e-02	4.0056e-02	4.3174e-02	4.4638e-02	4.5935e-02	4.6940e-02	4.8744e-02	5.0439e-02	5.2250e-02	5.6318e-02
9.986432e-01	2.8439e-02	2.8672e-02	2.9116e-02	2.9490e-02	3.0606e-02	3.2684e-02	3.4767e-02	3.6805e-02	3.8712e-02	4.0439e-02	4.3641e-02	4.5103e-02	4.6359e-02	4.7421e-02	4.9172e-02	5.0894e-02	5.2795e-02	5.6929e-02
9.986935e-01	2.8829e-02	2.9051e-02	2.9471e-02	2.9920e-02	3.0993e-02	3.3094e-02	3.5176e-02	3.7226e-02	3.9141e-02	4.0839e-02	4.4108e-02	4.5587e-02	4.6782e-02	4.7903e-02	4.9716e-02	5.1350e-02	5.3341e-02	5.7547e-02
9.987437e-01	2.9219e-02	2.9430e-02	2.9920e-02	3.0354e-02	3.1437e-02	3.3504e-02	3.5615e-02	3.7723e-02	3.9627e-02	4.1355e-02	4.4575e-02	4.6071e-02	4.7307e-02	4.8384e-02	5.0260e-02	5.1999e-02	5.3907e-02	5.8166e-02
9.987940e-01	2.9640e-02	2.9896e-02	3.0380e-02	3.0788e-02	3.1882e-02	3.3921e-02	3.6155e-02	3.8220e-02	4.0114e-02	4.1871e-02	4.5113e-02	4.6555e-02	4.7847e-02	4.8866e-02	5.0804e-02	5.2656e-02	5.4584e-02	5.8784e-02
9.988442e-01	3.0141e-02	3.0384e-02	3.0840e-02	3.1282e-02	3.2326e-02	3.4460e-02	3.6696e-02	3.8717e-02	4.0600e-02	4.2387e-02	4.5683e-02	4.7095e-02	4.8386e-02	4.9455e-02	5.1348e-02	5.3314e-02	5.5260e-02	5.9577e-02
9.988945e-01	3.0643e-02	3.0872e-02	3.1374e-02	3.1798e-02	3.2865e-02	3.5000e-02	3.7248e-02	3.9284e-02	4.1190e-02	4.2975e-02	4.6252e-02	4.7711e-02	4.8926e-02	5.0111e-02	5.2113e-02	5.4011e-02	5.5936e-02	6.0469e-02
9.989447e-01	3.1189e-02	3.1444e-02	3.1919e-02	3.2314e-02	3.3412e-02	3.5553e-02	3.7892e-02	3.9904e-02	4.1839e-02	4.3675e-02	4.6822e-02	4.8326e-02	4.9615e-02	5.0767e-02	5.2887e-02	5.4819e-02	5.6692e-02	6.1361e-02
9.989950e-01	3.1783e-02	3.2022e-02	3.2487e-02	3.2934e-02	3.3979e-02	3.6254e-02	3.8536e-02	4.0525e-02	4.2487e-02	4.4374e-02	4.7539e-02	4.8942e-02	5.0348e-02	5.1446e-02	5.3661e-02	5.5626e-02	5.7568e-02	6.2503e-02
9.990452e-01	3.2380e-02	3.2652e-02	3.3151e-02	3.3564e-02	3.4683e-02	3.6955e-02	3.9237e-02	4.1259e-02	4.3281e-02	4.5145e-02	4.8260e-02	4.9736e-02	5.1081e-02	5.2367e-02	5.4574e-02	5.6458e-02	5.8444e-02	6.3885e-02
9.990955e-01	3.3100e-02	3.3354e-02	3.3815e-02	3.4275e-02	3.5387e-02	3.7743e-02	4.0028e-02	4.2069e-02	4.4147e-02	4.5984e-02	4.8981e-02	5.0567e-02	5.1990e-02	5.3289e-02	5.5518e-02	5.7490e-02	5.9445e-02	6.5358e-02
9.991457e-01	3.3821e-02	3.4098e-02	3.4635e-02	3.5074e-02	3.6250e-02	3.8571e-02	4.0832e-02	4.2934e-02	4.5068e-02	4.6824e-02	4.9922e-02	5.1411e-02	5.3013e-02	5.4301e-02	5.6493e-02	5.8521e-02	6.0668e-02	6.6972e-02
9.991960e-01	3.4707e-02	3.4981e-02	3.5475e-02	3.5969e-02	3.7142e-02	3.9497e-02	4.1840e-02	4.3994e-02	4.6095e-02	4.7858e-02	5.0887e-02	5.2565e-02	5.4086e-02	5.5421e-02	5.7688e-02	5.9749e-02	6.1935e-02	6.8741e-02
9.992462e-01	3.5639e-02	3.5954e-02	3.6516e-02	3.6969e-02	3.8181e-02	4.0499e-02	4.2888e-02	4.5113e-02	4.7184e-02	4.8894e-02	5.2030e-02	5.3718e-02	5.5327e-02	5.6593e-02	5.8882e-02	6.1153e-02	6.3727e-02	7.0665e-02
9.992965e-01	3.6764e-02	3.7051e-02	3.7628e-02	3.8103e-02	3.9285e-02	4.1682e-02	4.4171e-02	4.6359e-02	4.8433e-02	5.0185e-02	5.3351e-02	5.5095e-02	5.6624e-02	5.8003e-02	6.0436e-02	6.2869e-02	6.5633e-02	7.2947e-02
9.993467e-01	3.8005e-02	3.8311e-02	3.8849e-02	3.9337e-02	4.0539e-02	4.2990e-02	4.5577e-02	4.7761e-02	4.9846e-02	5.1568e-02	5.4846e-02	5.6524e-02	5.8181e-02	5.9544e-02	6.2123e-02	6.4870e-02	6.7683e-02	7.5536e-02
9.993970e-01	3.9386e-02	3.9715e-02	4.0287e-02	4.0731e-02	4.2028e-02	4.4549e-02	4.7123e-02	4.9311e-02	5.1432e-02	5.3309e-02	5.6452e-02	5.8263e-02	5.9972e-02	6.1413e-02	6.4329e-02	6.7135e-02	7.0048e-02	7.8556e-02
9.994472e-01	4.0982e-02	4.1339e-02	4.1954e-02	4.2427e-02	4.3768e-02	4.6337e-02	4.8912e-02	5.1164e-02	5.3430e-02	5.5279e-02	5.8412e-02	6.0306e-02	6.2110e-02	6.3827e-02	6.6814e-02	6.9663e-02	7.2689e-02	8.1960e-02
9.994975e-01	4.2921e-02	4.3302e-02	4.3951e-02	4.4446e-02	4.5812e-02	4.8398e-02	5.1068e-02	5.3429e-02	5.5712e-02	5.7546e-02	6.0769e-02	6.2845e-02	6.4923e-02	6.6644e-02	6.9635e-02	7.2531e-02	7.5731e-02	8.5921e-02
9.995477e-01	4.5309e-02	4.5684e-02	4.6322e-02	4.6808e-02	4.8214e-02	5.0872e-02	5.3698e-02	5.6071e-02	5.8403e-02	6.0293e-02	6.3779e-02	6.6068e-02	6.8185e-02	6.9918e-02	7.2949e-02	7.5899e-02	7.9292e-02	9.0695e-02
9.995980e-01	4.8162e-02	4.8529e-02	4.9182e-02	4.9744e-02	5.1152e-02	5.3973e-02	5.6912e-02	5.9296e-02	6.1734e-02	6.3834e-02	6.7467e-02	6.9870e-02	7.2110e-02	7.3877e-02	7.7013e-02	7.9937e-02	8.3458e-02	9.6820e-02
9.996482e-01	5.1772e-02	5.2202e-02	5.2955e-02	5.3486e-02	5.5022e-02	5.7890e-02	6.0982e-02	6.3572e-02	6.6269e-02	6.8287e-02	7.2029e-02	7.4545e-02	7.7027e-02	7.9028e-02	8.2066e-02	8.4885e-02	8.8527e-02	1.0667e-01
9.996985e-01	5.6586e-02	5.7008e-02	5.7863e-02	5.8400e-02	5.9992e-02	6.3113e-02	6.6568e-02	6.9164e-02	7.1981e-02	7.4020e-02	7.7900e-02	8.0741e-02	8.3331e-02	8.5460e-02	8.8805e-02	9.1798e-02	9.5400e-02	1.3668e-01
9.997487e-01	6.3218e-02	6.3567e-02	6.4680e-02	6.5296e-02	6.6998e-02	7.0345e-02	7.4050e-02	7.6869e-02	7.9965e-02	8.1953e-02	8.5717e-02	8.8896e-02	9.1928e-02	9.4651e-02	9.8985e-02	1.0234e-01	1.0795e-01	1.5410e-01
9.997990e-01	7.2479e-02	7.2749e-02	7.4173e-02	7.4834e-02	7.6738e-02	8.0689e-02	8.4837e-02	8.7823e-02	9.1174e-02	9.3240e-02	9.7096e-02	1.0099e-01	1.0461e-01	1.0835e-01	1.1544e-01	1.2174e-01	1.2978e-01	1.6539e-01
9.998492e-01	8.5686e-02	8.5989e-02	8.7821e-02	8.8519e-02	9.0619e-02	9.5324e-02	1.0035e-01	1.0382e-01	1.0778e-01	1.1032e-01	1.1472e-01	1.1956e-01	1.2373e-01	1.2768e-01	1.3364e-01	1.3920e-01	1.4613e-01	1.7854e-01
9.998995e-01	1.0877e-01	1.0931e-01	1.1123e-01	1.1187e-01	1.1469e-01	1.1904e-01	1.2480e-01	1.2875e-01	1.3285e-01	1.3521e-01	1.3908e-01	1.4370e-01	1.4743e-01	1.5136e-01	1.5775e-01	1.6432e-01	1.7129e-01	1.9728e-01
9.999497e-01	1.9395e-01	1.9520e-01	1.9680e-01	1.9727e-01	1.9904e-01	2.0270e-01	2.0484e-01	2.0526e-01	2.0565e-01	2.0642e-01	2.0851e-01	2.1436e-01	2.2138e-01	2.2788e-01	2.3945e-01	2.5021e-01	2.6030e-01	2.7749e-01
1.000000e+00	3.1623e+01	3.1623e+01	3.1623e+01	3.1623e+01	3.1623e+01	3.1623e+01	3.1623e+01	3.1623e+01	3.1623e+01	3.1623e+01	3.1623e+01	3.1623e+01	3.1623e+01	3.1623e+01	3.1623e+01	3.1623e+01	3.1623e+01	3.1623e+01
